98304	1
32770	1
4	4
16390	1
8	1
51884	1
12	3
196623	1
16	3
20	3
79193	1
24	8
180250	1
28	6
32	16
36	11
6	1
32806	1
40	27
44	19
46	1
48	32
52	33
32822	1
56	43
58	1
60	45
64	62
65	1
67	1
68	73
16454	1
71	2
72	66
73	3
74	2
76	73
54626	1
79	1
80	86
81	5
82	3
5475	1
84	70
86	1
87	2
88	78
90	1
91	3
92	106
93	3
94	2
95	3
96	112
97	2
98	1
99	5
229476	1
49253	1
102	3
103	2
104	95
105	1
106	4
107	2
108	62
109	3
110	1
111	4
112	71
113	5
114	4
115	6
116	74
117	8
118	8
119	5
120	63
121	8
122	4
123	3
124	83
125	6
126	3
127	6
128	50
16513	1
130	8
131	3
132	69
133	14
134	7
135	8
136	40
137	11
138	4
16523	1
140	48
141	4
245902	1
32911	1
144	34
145	7
146	7
32915	1
16532	1
149	10
150	12
151	4
152	20
153	10
154	10
155	5
156	20
157	10
158	18
159	14
160	20
161	13
162	15
163	15
164	22
165	11
166	12
167	8
168	20
169	11
170	9
171	8
16556	1
173	16
174	11
278703	1
176	19
177	16
178	10
179	8
180	21
32949	1
182	11
183	11
184	9
185	13
186	16
16571	1
188	14
189	17
16574	1
191	14
192	15
193	16
194	15
195	10
196804	1
197	11
198	12
199	13
200	11
201	14
202	13
203	10
204	15
205	13
206	15
207	10
208	19
209	9
210	15
211	11
212	17
213	20
214	15
32983	1
216	7
217	11
218	10
219	7
220	9
221	8
222	13
223	12
224	14
225	10
226	18
227	19
228	13
229	22
230	11
231	9
232	6
233	8
234	6
235	16
236	11
237	17
238	12
239	11
240	14
1245425	1
242	9
243	11
49396	2
245	9
246	18
65783	1
33016	1
249	13
1589498	1
251	7
252	10
253	7
254	9
255	17
82176	1
257	11
278786	1
259	16
260	9
261	8
262	5
263	8
16648	1
265	17
266	8
267	13
268	10
269	9
270	13
271	15
272	9
273	8
274	13
275	11
276	10
277	13
278	8
279	10
280	9
281	6
33050	1
283	6
284	10
285	9
286	14
287	10
288	14
289	4
290	5
291	4
292	8
293	16
294	16
295	10
296	18
297	12
246058	1
299	11
300	10
8242	1
49454	1
303	6
164144	1
305	8
306	4
307	9
308	11
309	13
310	5
885047	1
312	5
82233	1
314	15
315	8
316	8
16701	1
318	11
319	12
320	7
321	6
322	6
323	11
324	10
33093	1
326	9
327	9
328	9
329	6
330	3
82251	1
332	7
333	10
334	11
335	10
336	10
337	9
338	8
339	4
340	9
65877	1
342	12
278871	1
344	10
345	9
346	6
347	5
348	13
349	10
350	5
351	8
352	11
353	5
354	7
355	10
356	7
357	6
358	6
359	7
360	13
361	5
362	9
363	12
364	14
33133	1
366	10
367	7
368	7
369	10
370	4
371	7
372	10
373	9
374	7
375	8
376	11
377	8
378	7
379	11
380	5
381	8
382	9
82303	1
384	3
385	12
386	8
387	7
388	13
389	5
390	4
391	7
392	6
393	10
394	11
395	5
396	1
409997	1
398	6
399	10
400	10
401	2
402	12
403	8
33172	1
405	6
406	8
407	9
408	7
8260	1
410	5
411	5
412	3
413	7
414	8
415	6
416	7
417	6
418	8
419	3
420	8
16805	1
422	8
16807	1
424	7
425	4
426	11
427	9
65964	1
1474989	1
430	3
431	6
432	8
433	11
434	7
435	4
436	6
437	2
438	11
439	5
440	5
441	5
442	6
443	12
444	4
445	7
524734	1
16831	1
448	7
449	8
33218	1
451	16
452	2
453	9
454	7
455	3
456	6
65993	1
458	7
51959	1
16844	1
461	3
462	6
463	7
464	3
465	6
33234	1
16851	1
468	8
469	3
470	8
471	4
472	2
473	8
474	5
475	6
476	4
477	6
478	4
479	7
480	5
481	3
16866	1
483	6
484	4
485	7
486	3
487	9
49640	1
489	1
490	5
491	12
492	1
493	6
494	7
495	2
496	6
497	3
498	7
499	6
66036	1
501	5
502	5
503	5
504	6
505	6
506	4
507	6
508	7
509	12
33278	1
511	4
512	2
513	3
514	9
515	1
516	3
517	2
518	3
519	12
520	4
521	4
522	9
523	2
524	5
525	3
526	5
131599	1
528	6
529	9
33298	1
531	4
532	5
533	4
534	6
16919	1
536	11
537	2
538	2
539	7
540	7
983581	1
82462	1
543	4
544	4
545	10
546	3
547	4
548	7
549	7
550	3
551	2
552	10
553	10
554	4
555	6
556	5
557	6
558	4
559	7
560	5
561	8
562	2
563	7
564	5
565	4
566	2
16951	1
568	4
569	3
570	4
571	4
572	4
573	4
16958	1
575	5
576	5
577	7
578	6
579	9
580	2
581	6
582	2
583	4
584	5
585	3
586	2
587	4
588	3
589	4
590	5
591	7
592	1
594	6
595	6
596	2
597	4
598	7
599	6
600	5
601	2
602	3
603	6
604	8
605	2
606	8
101	1
608	6
609	4
610	6
611	5
612	6
613	4
614	7
615	2
33384	1
617	4
618	5
619	4
620	2
622	1
33391	1
624	7
49777	1
66162	1
627	4
628	4
629	2
630	8
631	4
632	1
633	6
634	2
635	3
636	7
637	6
638	4
639	3
640	5
641	3
642	4
492163	1
644	4
646	2
647	7
262792	1
649	5
650	6
651	3
652	2
653	4
17038	1
8301	1
656	3
657	6
658	2
659	7
660	8
661	6
662	3
663	2
664	3
665	5
666	4
667	6
668	5
669	3
670	5
671	1
672	9
17057	1
674	8
675	2
17060	1
677	5
678	8
679	1
680	7
681	5
682	3
683	7
684	4
685	5
686	2
687	3
17072	1
689	3
361138	1
691	4
692	8
693	5
17078	2
695	1
696	5
697	3
698	4
17084	1
701	6
115390	1
17087	1
704	6
705	3
707	2
708	3
709	4
710	1
711	3
712	7
713	5
714	5
715	2
716	3
717	4
718	5
719	6
720	2
131793	1
722	2
723	4
724	2
725	1
726	8
727	5
728	3
297764	1
730	6
731	3
732	5
733	3
734	2
735	2
736	5
737	6
738	5
739	3
33508	1
741	2
742	5
743	2
744	2
745	2
746	2
747	1
748	3
749	2
33518	1
751	2
752	6
753	6
754	2
755	9
756	5
757	2
758	1
759	2
760	3
761	5
762	4
763	3
764	2
765	2
766	7
767	4
768	3
769	1
770	2
771	3
772	1
773	2
774	4
775	3
776	3
777	8
778	3
779	7
780	1
781	1
782	1
783	7
784	3
785	3
786	3
49939	1
788	4
789	2
790	5
17175	1
792	1
793	2
794	8
795	3
796	2
797	2
798	3
799	3
800	1
801	1
802	4
803	6
804	4
805	2
808	2
809	1
810	1
811	2
812	2
813	2
814	2
815	2
816	2
817	5
818	3
819	2
82740	1
821	1
822	4
823	6
824	5
43828	1
826	5
827	9
828	3
829	1
830	1
832	5
833	2
834	5
835	2
836	3
837	6
838	3
839	3
840	1
841	4
843	3
844	4
845	2
17230	1
847	2
848	3
50001	1
33618	1
851	2
852	3
131214	1
854	3
855	4
856	4
857	4
858	2
859	4
860	1
861	4
862	1
863	3
864	3
865	4
866	1
867	1
131940	1
869	3
870	2
871	5
872	3
873	5
874	1
875	3
876	4
877	4
878	2
879	1
880	7
881	2
882	1
883	3
17268	1
885	3
886	2
887	3
888	3
889	1
890	4
891	2
892	3
893	1
894	6
895	3
896	3
897	7
899	5
900	2
901	6
902	2
903	3
904	1
905	4
906	2
907	3
909	3
910	4
911	3
912	3
913	6
164754	1
35651	1
916	5
917	3
918	2
919	5
920	1
921	1
922	3
923	5
924	3
925	4
926	4
927	1
928	5
929	4
930	1
17315	1
932	5
933	3
934	4
17319	3
936	1
295849	1
938	1
939	5
17324	1
941	1
942	6
943	3
944	4
945	2
946	6
50099	1
948	2
949	2
950	1
951	2
952	2
953	2
954	3
956	4
957	3
958	3
959	2
960	2
8352	1
962	2
35659	1
964	5
965	1
966	2
967	4
968	2
969	1
970	2
971	3
972	3
973	1
974	7
17359	1
17360	1
977	2
978	2
979	2
980	2
981	3
982	4
50135	1
984	3
986	3
987	6
988	7
989	2
990	2
991	6
992	3
11245	1
995	7
476132	1
997	2
17382	1
999	3
1000	2
1001	5
1002	1
1003	1
1004	1
1005	2
1006	1
1007	1
1008	6
66545	1
1010	5
1011	2
1012	5
1013	2
1015	4
1016	2
1017	4
1018	1
1019	4
1020	4
1021	3
17406	2
1023	3
1024	4
1025	4
1026	4
1027	2
1028	3
1029	3
1031	4
99336	1
1098761	1
1034	4
1035	4
1036	2
1037	2
1038	2
1039	1
1040	1
1041	4
1042	2
1043	3
1044	4
1045	2
17430	1
1048	3
1049	1
17434	1
175	17
1052	4
1053	1
1054	3
1055	1
1056	2
1057	3
1058	2
1059	3
1060	2
1061	3
1062	1
1063	2
1064	1
1065	1
1066	1
1067	1
1068	2
1069	2
1070	4
1071	1
1072	3
1073	1
1074	3
1075	3
1076	5
1077	3
1078	4
1079	1
1080	2
1081	2
1082	1
50235	1
1084	2
1085	2
17470	2
1087	2
1088	6
1089	3
1090	5
1091	2
1092	4
1093	1
1094	2
445281	1
1096	4
1097	5
1098	3
1099	2
1100	2
1101	3
1103	1
1104	3
1105	2
1106	2
1107	4
1109	3
1110	1
1111	2
1112	2
1113	4
1114	5
1115	1
1116	1
1117	1
1118	1
1119	3
1120	4
1121	3
1123	1
1125	4
1126	1
1127	1
1128	3
1129	1
1130	1
1131	2
1132	1
1133	4
1134	2
1135	1
1137	4
1138	3
1139	2
1140	6
1141	7
1142	2
1143	3
1144	3
13844	1
1146	3
1147	1
1148	3
1149	1
1150	4
1151	2
1152	4
1154	2
1155	3
1157	2
1159	1
1160	2
1161	4
1162	2
5655	2
115853	1
443534	1
1167	3
1168	1
1169	1
1170	2
1171	1
33940	1
1173	3
1174	2
1175	1
1176	2
1177	1
1178	2
1179	3
1181	1
1182	1
1183	1
1184	4
1185	1
1186	3
1187	2
1188	5
1189	3
50342	1
17575	1
1192	4
1193	2
1194	2
1195	3
1196	2
1197	2
1200	3
1201	4
1202	5
17587	2
1204	1
1205	2
1206	1
1207	3
1208	4
1209	2
1210	2
1211	6
1212	1
33981	1
1214	2
1215	1
1216	3
1217	1
1218	1
17603	1
1221	1
1223	2
1224	1
1225	1
1226	4
17611	1
1229	5
1230	3
1232	2
1233	6
1235	3
1236	1
1237	3
17622	1
1239	1
1241	3
1242	1
17627	1
1244	3
1245	1
1246	1
1247	1
17632	1
1249	1
1250	2
1251	2
17638	2
1255	2
1257	2
1258	1
1259	1
1260	1
1261	3
1263	3
1264	2
1265	1
1266	3
1267	4
1268	1
1269	2
1270	1
1271	2
1272	1
1274	1
132347	1
1276	1
230653	1
1279	3
1280	4
1281	4
1282	2
1283	4
1285	2
1286	1
1287	5
366124	1
1291	2
1292	2
1293	3
1295	1
1296	1
1297	2
66834	1
1300	3
1301	1
1302	2
1304	2
1305	2
1307	2
1308	1
1309	1
1310	1
1313	2
1314	1
1315	1
1316	4
1317	1
1318	5
1319	1
1320	2
1321	1
1322	2
1323	2
17708	1
1325	1
1326	3
1327	1
1328	2
1329	6
1330	2
1332	1
1333	4
1335	2
1336	1
1337	4
1338	1
1339	1
1340	3
1341	1
1342	3
1344	2
66881	1
1346	5
1347	1
1350	1
17735	1
1352	2
1353	2
1354	1
1355	1
1356	1
1357	2
17743	1
1360	2
1361	3
1363	2
1364	3
1365	3
1366	4
1367	2
1368	1
1369	1
1370	1
1372	1
66909	1
1374	1
1375	2
1376	1
1377	1
1378	1
1380	1
1381	2
1382	1
1383	3
1384	1
83305	1
1386	2
1387	2
1388	1
1389	3
1390	4
1391	2
1392	5
1393	3
1394	2
1395	2
1396	1
1397	2
1398	3
1399	1
1400	1
1403	1
1404	1
1405	2
1406	3
1407	2
1408	1
1409	2
1410	2
1411	1
1412	1
1413	5
1414	4
1415	1
1416	2
1417	2
1418	2
1419	3
1421	2
1422	2
1423	2
1424	2
1425	1
1426	1
1427	4
1428	1
1429	1
1430	1
1431	2
1432	2
1434	1
165275	1
1436	2
1437	1
1439	2
1440	1
1441	1
1442	2
1443	3
1444	3
1445	3
1446	1
241	12
1448	1
1450	1
1451	1
1452	1
1453	2
1455	3
1456	2
1457	3
1458	1
17844	1
1461	1
1462	1
1463	2
1464	2
1465	1
1466	1
1467	3
1468	3
1471	2
1472	1
1473	2
1474	3
1475	2
1476	1
1477	3
1478	1
1483	1
1484	1
1485	5
1486	1
1487	2
1488	3
1489	1
1491	1
1492	4
1494	1
1496	1
19364	1
1500	3
1501	1
1503	2
1504	1
17890	1
1507	3
1509	1
1512	4
1513	2
1514	4
1515	1
1516	6
1517	2
1518	5
1519	2
1520	1
1521	2
1522	2
1523	1
1524	3
1525	3
1526	2
1527	1
1528	1
1529	1
1530	3
17915	1
1532	1
1534	2
1535	1
67073	1
1538	3
1540	1
116230	1
67079	1
1544	1
1546	3
1547	2
1548	2
345613	1
1550	3
1551	1
1553	5
1554	1
1556	1
1557	2
1558	2
1559	3
1560	1
1561	1
1562	2
1563	3
1564	1
1565	1
1566	2
1567	1
1568	3
1569	3
1571	2
1572	1
1573	2
1574	1
1576	3
1578	2
1579	1
99884	1
19378	1
1582	2
1583	1
1584	3
1585	2
1586	2
1587	3
1589	2
67126	1
1591	3
1592	1
1594	3
1595	1
34364	1
1597	1
1598	1
1599	1
1600	5
67137	1
1602	2
34371	1
34373	1
1606	1
1608	2
1610	2
1611	1
1614	3
1615	1
1616	3
1617	2
1618	1
1620	3
1622	2
35769	1
1624	1
1625	1
1626	1
935515	1
1628	3
1629	1
493150	1
1631	1
1632	2
1633	1
1634	2
1635	4
1636	1
1637	7
1638	3
1639	2
1640	1
1643	1
1644	1
1646	3
1647	4
1648	3
1649	1
1650	3
1653	3
1654	1
1655	3
1656	3
1657	1
1658	2
1659	3
1660	2
1661	2
1663	1
1664	2
1665	2
1666	2
1667	4
1668	4
1669	1
1672	2
1673	1
1674	2
1675	2
1676	1
1677	1
1678	4
1679	1
1680	2
1683	1
1684	1
1685	1
1686	1
1687	1
1688	2
1689	1
214683	1
282	7
1696	2
1697	3
1698	2
1699	1
1700	2
1701	1
34470	1
1703	1
1704	1
24860	1
1706	2
1707	2
1708	1
1710	4
1713	1
1716	1
18101	1
1719	2
1720	3
1721	1
1723	1
1725	2
1726	2
1727	2
1728	2
1729	2
1730	1
1731	2
1733	2
1736	1
116425	1
34506	1
1741	1
18126	1
411343	1
1747	2
1748	2
1749	2
1750	1
1751	1
34520	1
1753	1
1754	1
83677	1
1758	1
8485	1
1760	1
1761	1
1762	1
1763	1
1764	1
1765	1
1766	1
1767	2
67304	1
1771	1
1772	3
1773	1
18158	1
1775	1
1777	3
1778	3
1779	1
1780	1
1781	2
1782	3
1783	2
1786	1
1787	1
1789	1
1790	1
1793	1
1794	2
1796	5
1797	1
231174	1
1799	1
1800	1
1801	2
18188	1
1805	1
1806	1
301	14
1809	2
1812	1
1813	1
1814	1
1815	3
1818	1
1819	7
1820	3
1821	2
1823	1
1824	1
1825	1
1826	1
1827	2
1829	2
1830	1
1831	1
1832	1
1833	2
1834	1
1835	1
1839	2
1842	1
1844	1
1847	1
1849	2
1850	1
1851	1
1852	1
1853	3
1854	1
1855	2
1856	2
1857	1
18243	1
1861	2
1862	1
1864	2
22156	1
1866	1
311	6
2459472	1
1874	3
313	7
1882	3
1883	1
18270	1
1887	2
1888	1
1889	1
1890	1
18275	1
1894	1
1897	3
1898	2
1899	1
1900	2
395117	1
1903	2
1905	1
1907	2
1908	2
116598	1
1911	1
2443128	1
1913	1
1915	1
1916	2
1917	1
1918	3
1920	1
1921	1
1922	1
18307	1
1924	5
1926	1
1927	2
67465	1
1930	2
1931	1
1933	1
1934	1
1935	1
1937	1
1938	1
1939	5
1940	2
1941	2
1943	1
1945	1
1946	1
34715	1
1949	1
1951	3
1952	2
1954	1
18340	1
18343	1
1960	1
1961	3
1962	1
1965	3
1968	1
1970	2
1971	3
1973	2
51126	1
1975	1
1976	3
1977	2
1978	1
1980	2
1981	2
1982	1
18368	1
1985	3
1986	2
1987	1
51140	1
1989	1
1990	2
1996	1
1997	1
1999	2
2001	1
2002	1
2006	1
18391	1
2009	1
2013	2
2015	1
51296	1
2017	4
2019	2
2020	2
2021	1
2022	4
2023	2
2024	4
2025	1
706541	1
2030	2
18416	1
2033	2
2034	3
2035	2
2037	2
2038	2
2040	2
2041	1
2042	1
2044	1
2045	5
341	4
2049	1
2050	1
2051	2
2052	2
296965	1
2054	1
2056	2
2057	3
83978	1
343	5
2164749	1
2062	1
2063	3
2064	1
2065	4
2066	1
199683	1
2070	1
2072	1
3076	3
2074	1
2076	1
2078	1
116768	1
2081	1
2082	1
2083	1
2085	1
2086	1
2090	1
2091	2
67629	1
100399	1
18481	1
2098	1
2099	3
2100	1
2101	1
2102	1
2103	1
2104	3
2105	1
2106	2
2107	1
2108	1
2110	1
51263	1
18496	1
2114	1
2117	1
2119	2
2120	3
2121	1
2122	2
2124	1
2125	1
68621	1
2128	1
2130	1
2132	2
2133	2
2135	1
2138	1
2139	2
2142	2
2143	2
18528	1
2145	2
2146	1
2148	1
2150	1
100455	1
2152	1
2153	1
411756	1
2157	3
2158	1
2159	1
2160	1
2161	3
2162	1
2164	1
18549	1
2166	1
2168	2
2171	1
2172	1
2175	1
2177	1
2180	1
34949	1
2182	2
54977	1
2184	2
2185	2
2186	1
2188	1
2189	2
2191	1
2192	1
133266	1
2196	1
2197	2
2199	1
2201	1
2204	1
2206	1
2207	1
2208	2
2209	2
2210	1
2211	1
2212	2
3229864	1
2219	3
2220	1
2221	3
2224	3
2226	2
2227	1
2228	1
2230	3
2231	1
2233	1
2237	1
2238	1
2239	1
2240	1
2241	1
2243	4
18628	1
2247	1
2248	1
2250	3
2251	1
2253	4
2257	1
35026	1
19491	1
2260	2
2261	1
2262	3
35032	1
60633	1
2267	2
2268	1
84189	1
1083022	1
2271	3
2272	3
444643	1
2279	2
2280	1
2281	1
2282	2
117799	1
2286	2
18671	1
2288	2
2289	1
2290	1
2291	1
51444	1
2293	1
2294	4
2295	3
2297	2
2298	2
2299	1
2300	2
2301	1
2302	2
2304	1
2305	2
2307	3
2309	1
2310	1
2311	2
2312	1
2313	1
35083	1
18700	1
2317	1
2318	1
2320	1
2321	2
2323	1
2324	1
2325	2
2326	1
2330	1
2331	1
2336	2
2337	1
2338	1
2342	1
2345	3
2347	3
2348	1
2349	1
2350	1
18735	1
2352	1
2356	1
2357	2
2358	2
2362	1
956127	1
2364	2
2366	4
2369	1
2370	1
2373	2
2378	1
2380	1
2382	3
397	10
19512	1
2386	2
2387	1
2389	3
2391	4
2392	2
2394	3
2396	1
18781	1
2398	1
2401	1
2402	1
2407	2
2408	3
297321	1
2410	1
2411	1
35182	1
2415	1
2416	1
412018	1
2420	1
2422	1
2423	1
231800	1
2425	2
2427	1
2428	2
2429	1
2430	2
2432	1
2433	1
2435	3
2437	1
2438	1
2439	2
2441	1
2442	1
2443	2
2445	2
2448	1
2394514	1
2451	2
2452	1
2453	2
409	10
2456	2
3140	1
2459	1
100765	1
2464	1
2465	1
2468	2
2470	1
2472	2
133545	1
3143	3
2476	1
2477	1
2479	2
2480	2
2481	1
2485	2
2487	1
2488	1
18875	1
2492	1
2493	4
2494	2
2497	2
2498	1
2501	2
18886	1
2503	1
2504	1
2506	1
2509	2
1435	1
2511	1
2512	1
2513	2
2514	1
2515	2
2518	1
2519	1
2521	2
18906	2
2523	2
2525	1
2526	1
2527	1
2529	1
1231331	1
281060	1
51685	1
2534	1
2535	1
2536	1
2538	1
423	12
2540	1
2541	1
2542	1
2543	1
2545	2
1329651	1
281076	1
2550	1
2552	1
2556	2
3157	1
2560	1
2563	3
2567	1
18952	1
18953	1
2570	3
22274	1
51726	1
429	6
2578	1
2580	1
35350	1
51735	1
13725	2
2585	2
2587	1
35356	1
2589	1
18974	1
2593	1
2595	2
2597	1
2599	1
2601	1
2602	1
2604	1
2605	1
2607	1
150064	1
2609	1
2610	1
2611	1
2613	1
2615	1
2616	2
2617	1
2618	2
19003	1
2620	1
2621	1
2622	2
2623	1
84544	1
150081	1
2626	3
2627	1
2628	1
19015	1
2632	2
2635	1
100940	1
2638	1
2639	1
19026	1
2643	2
2645	3
2646	1
2647	1
2649	2
2650	2
2651	1
2652	2
2653	1
19038	1
51807	1
2656	1
2659	2
2660	2
2666	2
51819	1
19055	1
19056	1
19058	1
35443	1
2677	1
2678	1
2680	1
2681	2
2682	1
2683	1
2686	1
2687	2
2689	1
2690	1
2692	2
264837	1
2694	1
2695	1
2696	1
2700	2
450	7
2702	2
2703	2
2704	2
19090	1
1149588	1
2709	2
2710	1
35480	1
2715	2
2718	3
2720	1
2723	2
2725	1
2726	2
2728	2
2730	1
2732	3
68270	1
2735	2
51889	1
2739	2
2743	1
2745	1
35514	1
2747	1
2748	1
8650	1
2750	1
2751	1
2752	2
2754	1
2755	1
2756	1
460	10
2762	1
2763	1
2764	1
2766	2
2770	1
2771	2
2772	1
2773	1
2780	1
2781	1
2784	1
2787	3
2788	1
2790	1
2795	1
2797	1
2798	1
2799	1
2802	3
2803	1
2804	1
133877	1
2807	1
2808	1
2809	1
2810	1
2811	1
2814	1
2815	1
2816	3
2817	1
2820	1
2822	2
19208	1
2825	3
2829	1
2830	1
2831	1
2832	1
2837	2
2842	2
2843	1
2846	2
2847	1
2850	1
2852	1
2853	1
2855	1
2857	1
2858	1
2860	2
2861	1
2862	2
2863	2
2864	2
11400	1
2867	2
2868	1
22324	1
2874	1
19259	1
2876	1
2878	2
2881	1
19267	1
2884	1
19270	1
2889	3
166730	1
2891	2
482	5
2894	1
2896	2
2898	1
2902	1
2903	2
2904	2
2909	1
2911	3
2913	1
2915	1
2919	2
2920	1
2923	1
2924	2
2925	2
2928	1
488	8
2931	1
2934	1
19319	1
2939	1
2942	1
2947	1
2948	1
2949	1
2953	1
3223	1
2958	1
101265	1
2962	5
2966	1
2967	2
2968	1
2969	1
52122	1
2972	2
2975	1
2976	1
2977	1
2979	1
52132	1
2983	1
2984	2
2986	2
2989	1
560050	1
2997	1
35766	1
3001	2
3003	1
3005	1
3007	1
3008	1
3009	1
150466	1
3012	1
3013	1
3014	3
3015	1
530252	1
84940	1
3021	1
3023	1
3024	1
3026	2
68569	1
3034	3
35803	1
3036	1
19422	1
3039	1
3040	2
3041	1
3043	1
3044	1
3048	1
3050	4
3051	1
19441	1
3060	1
3061	1
3063	1
3064	1
8831	1
3068	1
117761	1
3074	1
3075	2
52228	1
3079	2
3080	1
330761	1
3083	1
3085	1
3088	1
3089	1
3090	1
3093	1
3094	2
3095	1
3098	1
3100	2
3104	1
3105	1
3107	1
52263	1
3112	1
3113	1
3118	1
3119	1
3120	1
3121	1
19507	1
3125	1
3127	1
3128	2
3129	2
3132	1
3134	1
3136	1
248897	1
35908	1
199750	1
3083335	1
3146	1
3149	2
3154	1
19541	1
3159	1
3160	1
3161	2
3162	2
527	6
3164	1
3165	1
3166	1
3167	1
101472	1
3169	1
3172	1
3173	1
3174	3
3177	1
3179	1
530	5
3182	2
3185	1
19570	1
3189	1
3190	1
3193	1
3194	1
3195	1
560252	1
3197	1
8725	1
3202	1
3203	1
3207	1
3208	1
3210	1
535	9
3215	2
3216	1
3217	1
3220	2
658583	1
3224	1
3227	1
3230	1
3231	1
3232	2
3233	1
3235	3
19623	1
3243	1
567	5
541	9
3248	2
3250	1
3251	2
542	3
3254	1
3255	1
3257	2
85180	1
3261	1
3262	1
3265	1
3266	2
3268	2
300918	1
3270	1
3271	3
3273	1
16930	1
3278	1
3279	2
3285	1
55161	1
3288	1
3291	1
3293	1
3294	2
3297	2
3299	1
3300	2
36071	1
3305	1
3306	2
3307	1
85232	1
3313	1
3314	1
3318	1
3319	1
3320	1
3322	1
3323	1
3326	1
3331	1
3333	1
3336	2
3339	1
3343	1
19728	1
3348	1
3349	1
3350	2
3351	1
3353	1
3355	1
3356	1
3358	1
3359	1
16944	1
3363	1
3365	1
3366	2
331049	1
3370	1
3372	1
66098	1
3374	1
3377	1
3380	1
6025	1
3385	1
249146	1
3390	1
3393	2
3394	1
3403	2
19788	1
1035597	1
68944	1
1592657	1
3413	2
25145	1
68955	1
3420	1
3423	4
3424	2
3429	1
3435	1
3440	1
1019249	1
3443	2
574	5
3447	2
3448	1
3449	1
3450	2
3452	1
3454	1
3459	1
3464	1
1752	2
3469	1
3470	1
3471	1
3481	2
3486	1
3489	2
3491	1
19879	1
69032	1
19881	1
3503	1
3504	2
3505	3
3508	1
429496	1
3513	1
3514	3
3515	1
544188	1
3517	1
36286	1
52673	1
3526	1
19914	1
101835	1
3534	1
3538	1
314837	1
3542	1
3545	1
36314	1
3547	1
3550	1
3553	1
3554	1
69091	1
3556	2
3557	1
3558	1
249320	1
3564	1
593390	1
3567	1
3570	1
3571	2
1871348	1
3573	2
3574	1
3580	1
3585	1
19974	1
19980	1
3597	1
1281551	1
69136	1
3605	1
429590	1
36376	1
3609	1
3611	3
3612	2
3613	1
3614	2
3615	1
3616	1
822820	1
3621	1
20009	1
3626	3
3628	3
3629	1
20016	1
85555	1
3637	1
3638	1
3639	2
3640	1
3642	1
3648	1
3650	2
3653	2
3655	1
3657	2
3659	1
3663	2
20048	1
20049	1
3666	1
3673	2
3677	2
20062	1
3683	1
120764	1
69230	1
3695	1
616	2
3700	1
3705	1
3707	2
3710	3
3711	2
3712	1
3714	1
3718	1
3719	3
68887	1
3732	2
19737	1
88004	1
3738	1
623	4
3741	3
3744	1
3746	1
3747	2
625	2
3753	1
626	6
200367	1
3760	1
413361	1
20146	1
3763	2
3765	1
3770	2
3773	1
315070	1
233152	1
3779	2
3780	1
20166	1
3783	1
3786	1
3787	1
3788	1
36557	1
3790	1
3792	2
3793	2
3796	1
3798	1
3799	1
3800	1
3803	1
36577	1
3810	1
3812	1
150822	1
3814	1
85739	1
3820	1
3823	2
3827	1
216822	1
3833	1
3835	1
3839	1
3846	1
85768	1
3853	1
3854	2
3373	1
3856	3
3858	1
643	3
69397	1
347927	1
17028	1
3872	1
3875	1
282404	1
118568	1
3881	1
3882	4
3884	1
3885	1
3886	1
3889	1
36658	1
3895	1
1838906	1
3899	1
20286	1
3904	1
3906	1
20291	1
53062	1
238220	1
3914	1
3915	2
511820	1
167761	1
3923	1
654	2
20310	1
3928	2
655	5
3934	1
3936	1
3938	1
3939	1
3942	1
3943	1
3945	3
3948	1
3951	1
3952	4
20337	1
3955	1
3956	2
3958	1
3959	1
3960	2
3964	1
3966	1
3968	3
25228	1
3973	1
3974	1
3978	1
20364	1
3981	1
20367	1
3985	1
3990	1
3991	1
3992	1
3995	1
3997	1
53150	1
3999	1
4000	1
47088	1
69544	1
4011	1
4012	1
4016	1
4017	1
4020	1
38900	1
53179	1
4029	1
4033	1
167876	1
4038	1
673	9
4040	1
4043	2
4044	1
69585	1
4050	1
4053	1
4055	2
676	2
4058	1
4059	4
20448	1
4068	1
20455	1
20456	1
4074	1
4076	3
4078	1
4079	1
4081	1
20466	1
4084	1
1085433	1
4091	1
102396	1
4097	1
20483	1
4101	3
4105	1
4107	1
4108	1
4110	1
4112	1
20499	1
118804	1
69654	1
4122	1
4124	1
4125	1
4126	1
4128	1
1774	2
4130	1
4132	1
36902	1
20520	1
4138	1
4139	2
690	2
4144	1
20530	1
4148	1
4150	1
4152	2
4153	1
4156	1
4162	1
4163	1
694	4
4169	1
4170	1
4173	1
86095	1
4179	1
4180	2
4181	1
102488	1
4188	1
135262	1
86115	1
4198	1
700	6
36972	1
4209	1
702	3
4214	2
4215	1
4219	1
20608	1
4225	2
4229	1
4231	1
4235	2
69775	1
4244	1
4245	1
4250	1
20635	1
4254	1
4255	1
3415	2
3441	2
4264	1
4265	1
4266	1
4270	1
4273	1
118963	1
4277	1
4278	1
4279	1
37049	1
4282	1
4283	1
71066	1
4293	2
4294	1
1626311	1
143	4
4306	2
4313	1
4314	2
4316	1
266471	1
4329	1
4333	1
4340	1
4342	1
4351	1
4355	1
4357	1
4358	1
4360	1
4362	1
4364	1
4365	1
4371	1
729	4
4376	1
4381	1
4384	1
4387	1
4389	1
4392	1
4393	1
4395	3
4396	1
4397	1
4398	1
4399	1
53552	1
20788	1
4408	2
4409	1
4411	2
4415	2
20802	1
147	3
4423	1
4426	1
53580	1
4430	1
4437	1
4441	1
4442	1
4443	1
4445	3
4448	1
148	36
4451	1
4455	1
4459	1
4469	1
4471	1
4473	1
4475	1
4476	1
4477	1
4486	1
4487	1
86409	1
4490	1
20876	1
4494	1
4495	1
20884	1
750	2
463255	1
4504	1
4505	1
4512	1
4514	1
4515	1
139	11
4520	4
4523	1
4525	2
4527	1
4530	1
4532	1
4533	1
4542	1
4545	3
20931	1
4548	1
4561	2
37331	1
2036180	1
168408	1
4569	1
20958	1
37343	1
4582	1
4583	2
4584	1
4601	1
4609	1
4611	1
20996	1
4617	2
104535	1
4626	1
4632	2
4638	2
4639	2
4640	1
4641	1
4643	1
102950	1
479783	1
4649	1
21034	1
4652	1
4654	1
4655	1
4656	1
4657	1
4660	1
4661	1
53814	1
4665	1
2883	1
4671	1
4672	1
4675	1
6241	1
1967017	1
4688	1
4692	1
4693	2
4696	2
4698	1
4701	1
578142	1
4713	1
4715	1
4723	1
4724	2
4725	2
4726	1
703	1
3521	1
4745	1
4746	1
791	5
4756	1
4760	1
4762	1
4765	1
4768	2
21154	1
21156	1
4773	1
4774	1
4778	1
103083	1
21166	1
21168	2
152245	1
4791	2
4792	1
6260	1
53952	1
1790658	1
4806	1
4808	1
4809	1
4822	1
4823	2
4828	1
4830	1
4831	1
4832	1
4833	1
4834	2
4837	1
21222	1
4842	1
21228	1
4846	1
4849	1
4861	1
4863	1
4866	1
4872	1
4873	1
4874	2
2890	1
4879	1
54032	1
4881	1
21269	1
4890	1
3546	1
4897	1
4900	1
4901	1
4902	2
4907	1
4908	2
21299	1
21302	1
47241	1
820	1
4924	1
4927	1
4931	1
4935	1
4938	1
4941	1
152399	1
4944	1
4949	1
825	3
4952	1
4955	1
4959	2
4962	1
4964	2
142	8
4972	1
1053560	1
4988	1
4993	1
5003	1
5004	1
119695	1
5008	1
5011	1
37780	1
5015	1
5016	1
17220	1
5019	1
66373	1
5028	1
5031	1
688	2
5033	2
5036	1
5037	1
54191	1
5044	1
1921973	1
5050	1
5051	3
119740	1
5054	1
5062	1
37833	1
37834	1
5068	1
5069	1
846	4
5079	1
5080	1
5082	1
5089	2
349154	1
545763	1
5092	2
87014	1
849	2
850	8
5103	1
5106	1
5112	1
5113	2
5116	1
5118	1
853	4
5122	1
5123	1
594950	1
5130	1
5132	1
5140	1
5141	1
60932	1
5155	1
5156	2
5159	1
5161	1
5165	1
169008	1
71859	1
5173	2
5179	1
2184252	1
709694	1
21571	1
5188	1
5189	1
5195	1
5197	1
5199	3
5201	2
21588	1
5205	1
868	4
21596	1
3600	1
5228	1
21615	1
5238	1
5239	1
5244	1
21629	1
5247	1
5248	1
5250	1
3606	1
5254	1
5255	2
5258	1
5262	1
5269	1
5271	1
721	2
5278	1
54431	1
5281	1
5282	1
38051	1
5284	2
5285	1
21678	1
5297	1
21685	1
38070	1
5303	1
884	1
185530	1
5311	1
5321	1
447690	1
5325	1
175652	1
5338	1
5344	1
5346	1
21734	1
5357	1
5360	1
169206	1
5369	2
21755	1
5374	1
5375	1
5378	1
5380	1
5384	1
21771	1
282157	1
300304	1
5395	1
5398	1
21786	1
5404	1
5412	2
5414	1
5416	1
382251	1
1070383	1
5425	1
5429	1
1398070	1
5434	1
136509	1
5441	1
5445	1
5451	1
1347727	1
5457	1
5458	1
5460	1
5463	1
5464	1
21849	1
21850	1
478778	1
71008	1
5473	1
5474	1
38243	1
5478	1
5485	1
5491	1
5495	2
5502	1
21891	1
71053	1
5521	1
5522	1
5526	1
5530	1
5534	1
5535	2
5536	1
5548	1
5551	1
5554	2
6387	1
5561	1
9119	1
5575	1
54731	1
54735	1
5585	1
5586	1
931	2
5588	1
5590	1
5592	1
21980	1
169442	1
5609	2
935	3
21996	1
5615	2
187	20
937	3
5625	1
5626	1
5627	1
5633	1
5634	2
5640	1
940	2
5642	1
235024	1
22033	1
5650	1
5653	1
529943	1
5656	1
5657	1
5660	1
5663	1
5664	1
22050	1
22051	1
5669	2
5674	1
5676	2
54831	1
947	2
5702	1
5703	3
5708	1
190	13
349779	1
153173	1
22106	1
5726	1
5727	1
5728	1
5729	1
5731	1
5738	1
5742	2
5748	1
5749	1
22146	1
961	3
5772	1
22157	1
5774	1
963	9
87700	1
3694	1
104090	1
169627	1
54951	1
5803	1
5810	1
5811	1
5817	1
87745	1
5831	1
5832	1
5842	1
740	1
22820	1
975	1
5855	2
976	3
5859	1
55013	1
5868	1
22255	1
55034	1
5886	1
5887	2
5888	1
5890	1
196	13
22277	1
5896	1
983	6
38677	1
5912	1
22300	1
22301	1
5919	1
5923	1
867100	1
66524	1
5930	1
5938	1
87860	1
38720	1
3723	1
5958	2
5960	1
5964	1
994	1
5968	1
996	2
5982	1
5986	1
998	2
5990	1
6002	1
22389	1
6006	1
6008	2
249492	1
6010	2
6022	1
16625	1
140268	1
6026	1
38809	1
22429	1
6053	1
6054	1
1009	5
55209	1
6060	1
6068	1
6076	1
6081	2
6082	1
137156	1
6086	1
22472	1
6096	1
6100	1
22501	1
6121	1
6122	1
6123	1
104429	1
382964	1
1022	2
6138	1
6139	1
22527	1
6145	1
6146	1
55299	1
6153	1
3757	1
22545	1
6170	2
6171	1
6176	1
6180	1
6182	1
55339	1
6191	2
6193	1
6197	1
6198	1
1033	1
38968	1
22587	1
6204	1
38977	1
3751	1
38983	1
6217	1
6221	1
6222	1
6227	1
6228	1
6229	1
6230	1
6231	1
6238	1
137313	1
22627	1
6245	1
6209	1
194919	1
6254	1
1972340	1
3774	1
22646	1
6267	1
22658	1
6277	1
6279	1
317579	1
6287	1
6290	1
6298	2
6299	1
317597	1
39080	1
6319	3
6323	1
121012	1
6325	1
6344	1
6346	1
3789	1
55504	1
6356	1
6357	1
6358	1
6362	1
6366	1
6369	1
6373	1
6377	1
55539	1
6395	1
6397	1
6400	2
39174	1
6416	1
6418	1
6427	1
6428	1
6431	1
22818	1
6436	2
6440	2
6442	1
6445	1
153905	1
215	8
6464	1
6466	1
14731	1
6468	1
6476	1
6477	1
6485	1
710998	1
39255	1
88408	1
6493	1
612702	1
6495	1
1083	2
5717	1
12219	1
6510	4
203121	1
6516	1
6518	1
6523	2
6526	1
39300	1
6533	1
6538	1
6541	1
6551	1
6552	1
6554	1
72092	1
6557	1
6559	1
72096	1
6563	1
6565	1
22950	1
6568	1
1095	5
6574	1
170397	1
17480	1
6581	1
6589	1
6590	1
22975	1
6592	1
186819	1
3830	1
88522	1
6604	1
6605	1
22992	1
6611	1
6620	1
6623	1
6633	1
23019	1
17490	1
121332	1
6648	1
23035	1
6654	1
6655	1
6657	2
39430	1
55818	1
6667	1
23060	1
6679	1
6691	1
6577	1
55853	1
1710024	1
301628	1
6718	1
6723	1
6724	1
6727	1
6729	1
6730	1
23116	1
137810	1
23124	1
6745	1
6749	1
170590	1
6754	1
6758	1
6764	1
6767	1
88688	1
23154	1
6779	1
87516	1
6782	1
6783	2
39557	1
6791	1
6794	1
6799	1
6804	1
6807	2
6809	1
6815	1
88747	1
6830	2
39601	2
6835	1
6840	2
547513	1
6602	1
6846	1
6848	1
6850	1
6852	1
23241	1
6860	1
23247	1
1145	2
88792	1
23258	1
6875	1
6879	1
6885	1
6886	2
6887	1
6889	1
23276	1
6901	1
6911	2
115840	1
6914	2
6920	1
6930	1
6931	1
6934	1
39704	1
6937	1
154403	1
39388	1
6958	1
6959	1
6965	1
219962	1
1661407	1
117342	1
5611	1
1163	5
6980	1
39749	1
6982	1
6986	1
53047	1
6988	1
1166	3
58511	1
7005	2
39784	1
7017	1
23017	1
1172	4
23419	1
138109	1
39808	1
7047	1
427412	1
6637	1
7063	1
7065	1
23450	1
727965	1
23457	1
88995	1
7076	1
367525	1
7078	1
7080	1
7081	1
7089	2
7091	1
203700	1
138167	1
7098	1
1219515	1
302013	1
7107	1
7110	2
3916	1
77	1
317944	1
121812	1
7125	1
7128	2
7132	1
7136	1
1190	1
1191	1
7148	1
7151	1
7153	1
7162	1
646141	1
7168	1
3926	1
203784	1
7178	2
23564	1
7181	1
23568	1
7185	1
7191	1
7193	1
416794	1
7196	2
7198	1
7203	1
1317925	1
17585	1
56366	1
1203	2
135006	1
7225	1
7226	2
7231	1
23616	1
7233	1
7235	1
7236	1
7239	1
7240	1
154699	1
56401	1
7251	1
7253	1
787	3
72795	1
7262	1
400487	1
7275	1
171116	1
1213	2
6676	1
7293	1
7295	1
23686	1
7309	1
7313	1
1219	1
7316	1
7330	1
244	7
7337	1
7342	1
7344	1
40113	1
7346	1
253110	1
3518	1
7354	1
7365	1
89286	1
23753	1
7377	2
7379	1
7386	1
9423	1
7395	1
7399	1
23788	1
40173	1
56559	1
7410	1
7411	1
7413	1
247	9
36736	1
1238	5
61313	1
7432	1
7433	1
3970	1
4612	1
7441	1
7444	2
7451	1
248	11
7454	1
7458	1
1243	1
7462	1
73000	1
7474	1
7477	1
7478	1
1248	4
73026	1
7492	1
7495	1
3980	2
250	9
7514	1
7521	1
7522	1
66790	1
7530	1
7532	1
7534	1
23920	1
7540	1
7541	1
23926	1
7549	1
7552	1
7555	1
7556	1
7557	2
335243	1
73115	1
335260	1
23966	1
7583	1
7584	1
7585	1
187814	1
7593	1
7599	1
7600	1
23990	1
7609	1
7612	1
957885	1
7614	1
40387	1
56773	1
105929	1
2579917	1
204242	1
7636	1
7644	1
56798	1
7647	2
1275	1
187880	1
24043	1
1277	3
1187313	1
24050	1
7667	1
7673	1
7675	1
56834	1
7687	2
7689	1
7690	2
256	17
7695	1
7697	2
7698	1
334142	1
24084	1
7703	1
7709	1
7718	1
122407	1
106027	1
7725	1
6750	1
1289	2
7738	1
24808	1
24129	1
40518	1
40520	1
400969	1
258	11
40523	1
7756	1
7769	1
597599	1
7777	1
4027	1
7783	1
7787	1
1298	2
7791	1
7792	1
7798	1
7813	1
7818	1
56976	1
7827	1
3301018	1
7847	1
4039	1
7854	1
7859	1
2301620	1
7862	1
7865	1
24255	1
89793	1
7879	1
679624	1
7884	1
24271	1
17699	1
122585	1
7907	1
7908	1
20433	1
6780	1
7917	1
7919	1
7920	1
7927	1
7928	1
40699	2
264	11
20437	1
1324	1
12247	1
24334	1
57103	1
7955	2
7957	1
7967	1
7970	1
7971	1
24359	1
7977	1
7984	1
7991	1
7993	1
2994	1
368448	1
5722	1
8010	1
8019	1
8030	1
8031	1
24417	1
8038	1
8042	1
237426	1
447	3
8052	1
8054	1
40824	1
8065	1
8069	1
8070	1
1345	2
24457	1
24461	1
8085	1
8086	1
122780	1
8098	1
8099	1
696228	1
335782	1
8108	1
8112	1
8113	2
40882	1
8117	1
2998	2
40888	1
8121	1
8122	1
90044	1
51008	1
8130	1
24522	1
8139	1
40908	1
319438	1
23295	1
8147	1
8148	1
4089	1
24537	1
1359	1
499677	1
8160	1
188389	1
8167	1
40948	1
8184	1
8188	1
181589	1
778240	1
8195	1
36865	1
24592	1
8213	1
155675	1
57373	1
8228	1
41001	1
8234	2
8240	3
41010	1
8243	1
745527	1
8254	1
24644	1
34145	1
24652	1
8270	1
8273	1
17765	1
593936	1
188514	1
8293	1
8299	1
8300	1
24685	1
6845	1
8308	1
72382	1
8313	1
8315	1
8329	1
8333	1
8337	1
8338	1
8339	1
268150	1
8346	1
41120	1
8355	2
73894	1
8379	1
8394	1
8396	1
36898	1
8399	1
8400	1
8402	1
24787	1
2908373	1
24794	1
8412	1
385249	1
24802	1
155880	1
8430	1
24817	1
198014	1
8443	1
24831	1
57600	1
336135	1
188685	1
41232	1
24849	1
155924	1
8472	2
689540	1
57628	1
8478	1
8480	1
106789	1
8491	1
4146	2
8496	1
24892	1
24905	1
8524	1
8526	1
303447	1
24929	1
123240	1
90476	1
762231	1
50580	1
17814	1
8583	1
11197	1
20546	1
106894	1
8591	1
24981	1
8607	1
24995	1
41382	1
57767	1
8630	1
15092	1
8639	1
25025	1
8647	1
467402	1
8658	1
14473	1
8668	1
2466280	1
1447	4
8685	1
8687	1
8688	1
8698	1
8699	1
8700	1
17835	1
238087	1
8712	1
8715	1
172559	1
107029	1
8732	1
25127	1
8747	2
156217	1
8765	1
8766	2
8767	1
8768	1
8769	1
8770	2
41544	1
57929	1
25174	1
8800	1
8804	1
8813	1
8817	1
303743	1
8835	1
8836	1
8838	1
385676	1
8846	1
8849	1
8850	1
8851	1
132548	1
8860	1
25246	1
8863	1
8864	2
8870	1
25257	1
41654	1
25275	1
19391	1
83405	1
6947	1
2089684	1
25301	1
25302	1
8922	1
8926	1
25313	1
25315	1
107242	1
25327	1
74480	1
8951	1
58106	1
298	5
74493	1
8958	2
41728	1
8964	1
975624	1
8973	1
15149	1
1497	3
8985	1
8998	1
14000	1
41773	1
467760	1
9014	1
1712954	1
9026	1
1303370	1
9042	1
9045	1
4239	2
25453	1
25455	1
9072	2
302	14
9079	2
41851	1
9098	1
9099	1
9101	1
107409	1
533400	1
9117	1
402335	1
9123	1
345586	1
304	5
9136	1
9137	1
9143	1
34292	1
6987	1
9157	1
9159	1
9165	1
34296	1
156634	1
9179	2
132602	1
9186	2
1531	3
9196	1
844781	1
5762	1
9215	1
1537	2
50690	1
943119	1
9232	1
287768	1
9243	1
23387	1
9259	2
9261	1
9264	1
9279	1
9285	1
1549	1
91217	1
9299	1
9306	1
20667	1
25700	1
9328	1
9339	1
9344	1
3286159	1
25758	1
9379	1
69830	1
74936	1
25786	1
25787	1
844988	1
582845	1
25807	1
25809	1
9428	1
7033	1
34340	1
9434	1
9437	1
91359	2
9444	1
25830	1
9450	1
25840	1
9469	1
172	13
25857	1
34347	1
9476	1
9478	1
9479	1
9480	1
9489	2
9491	1
75029	1
9494	1
25879	1
566552	1
9503	1
9505	1
58659	1
58669	1
317	8
9534	1
42306	1
1590	2
9542	1
9545	1
2106699	1
9563	1
9569	1
6283	1
9584	1
9588	1
451959	1
9596	1
353663	1
9603	1
1601	1
9608	1
83522	1
26000	1
9620	1
1205653	1
9626	1
1605	1
9633	1
9635	1
9639	1
9650	1
9652	1
26037	1
9663	1
26049	1
20726	1
28979	1
9683	1
9686	1
779738	1
9695	1
9697	1
157154	1
9701	1
9704	1
26101	1
26107	1
42492	1
42495	1
9729	1
26120	1
419337	1
9738	1
9741	1
1779215	1
108052	1
9750	1
9754	1
325	11
15283	1
7092	1
42561	1
20748	1
381197	1
9808	1
58964	1
42582	1
26201	1
9822	1
91751	1
42607	1
9843	1
9850	1
173693	1
9857	1
9858	1
3057286	1
42638	1
59023	1
9873	1
165486	1
1336988	1
26274	1
206531	1
9930	1
9933	1
9935	1
9938	1
37155	1
331	7
9948	1
59102	1
9961	1
9977	1
9984	1
9988	1
108310	1
10007	1
10020	1
26408	1
26411	1
10035	1
10038	1
10043	1
10044	1
59197	1
10046	1
10048	1
18059	1
1910613	1
10077	1
7141	1
223074	1
59241	1
124781	1
59267	1
173958	1
10120	1
67223	1
26510	1
599958	1
10135	1
10138	1
10139	1
1691	1
10158	1
26545	1
44529	1
10164	1
10170	1
26565	1
10186	2
26579	1
53582	1
10198	1
10200	1
1702	2
10214	1
1705	2
10235	1
10236	1
10239	1
10240	1
405846	1
10247	1
10254	1
11525	1
10276	2
124968	1
1717	2
10317	1
125018	1
10332	1
75869	1
10342	1
1452138	1
26735	1
321650	1
10360	1
10361	1
26757	1
43152	1
10389	1
108705	1
207010	1
26789	1
10409	1
10411	1
10413	1
75952	1
10417	1
2828467	1
141494	1
10427	1
895165	1
10430	1
26816	1
10434	1
10441	1
10455	1
15396	1
1743	4
338140	1
10463	1
10472	2
10474	1
10478	1
26863	1
26864	1
558803	1
92412	1
34518	1
10505	1
43275	1
26895	1
26896	1
125201	1
190744	1
92443	1
10532	1
10539	2
1757	1
7219	1
190774	1
20873	1
26938	1
10555	1
10557	1
23605	1
10568	1
43338	1
10571	1
10582	1
10585	1
10592	1
1768	3
92533	1
97344	1
27010	1
10635	1
10645	1
305561	1
125342	1
10658	1
10659	1
1747373	1
141751	1
289220	1
10694	1
12705	1
10696	1
20898	1
10707	1
371159	1
2304479	1
834641	1
37288	1
43512	2
10757	1
16725	1
403978	1
109067	1
10769	1
10770	1
92696	1
10777	1
38370	1
162907	1
1798	1
10793	1
10800	1
10802	1
600636	1
86453	1
181	10
1804	1
256591	1
10837	1
10838	1
1807	1
780892	1
10850	1
27236	1
50961	1
436842	1
10862	1
10865	1
10869	1
92794	1
662636	1
10890	1
10892	1
10893	1
27279	1
10901	1
27287	1
10907	1
10908	1
10915	1
10919	1
125614	1
10948	1
27334	1
10952	1
10954	1
43725	1
10966	1
365	10
43748	1
11005	1
748296	1
4008	3
11025	1
45531	1
7302	1
43816	1
76587	1
92980	1
27445	1
11063	1
11064	1
11067	1
914	8
11073	1
43843	1
11080	3
11082	1
142158	1
11095	1
27482	1
915	3
11106	1
11107	1
53734	1
11118	1
580755	1
27509	1
37469	1
280384	1
11142	1
11148	2
355216	1
11154	2
10051	1
125849	1
109471	1
11176	1
11182	1
1865	3
1862589	1
224194	1
1867	1
11208	1
37369	1
76762	1
27627	1
11244	1
214866	1
27634	1
11253	1
11260	1
27645	1
11262	1
27647	1
11268	1
27655	1
11273	1
11274	1
11281	1
283140	1
11290	1
650285	1
1886	3
11318	1
11321	1
11322	1
11330	1
11834	1
27717	1
11335	1
11338	1
531639	1
44117	1
27736	1
44121	1
11357	1
27745	1
76898	1
11364	1
44134	1
11375	1
126068	1
11381	1
11386	1
1617022	1
27779	1
240776	1
1901	1
11408	1
11413	1
27799	1
502960	1
11443	1
683188	1
53791	1
11455	1
76997	1
568519	1
11464	2
27851	1
11469	1
18931	1
1912	2
30388	1
77013	1
11481	1
27869	1
61992	1
11506	1
383	7
11508	1
929016	1
3111	1
27908	1
2387205	1
27915	1
11536	1
27923	1
27929	1
11549	1
11552	1
11558	1
37425	1
11561	1
78386	1
77102	1
27954	1
159029	1
1929	2
60731	1
666942	1
77121	1
10123	1
11588	1
27974	1
11591	1
11595	1
11610	1
11611	1
11612	1
11618	1
290160	1
191860	1
11637	1
7405	1
77214	1
1947	1
77222	1
306599	1
44457	1
67485	1
11715	1
11725	1
11729	1
44498	1
601565	1
1959	1
110065	1
257534	1
11777	1
11780	1
60933	1
60940	1
70232	1
11802	1
142878	1
11812	1
11817	1
11821	1
11823	1
11826	1
126515	1
1338935	1
273978	1
44603	1
28234	1
26036	1
28236	1
2731598	1
61007	1
11857	1
11862	1
224855	1
11867	1
28254	1
11875	1
44653	1
11903	1
44675	1
142991	1
1988	1
61083	1
83909	1
11937	1
44708	1
1289896	1
110253	1
143024	1
175799	1
650937	1
11965	1
1151605	1
11969	1
11972	1
11973	1
3157705	1
258679	1
11982	1
880343	1
61147	1
12010	1
1765099	1
536303	1
12029	1
290562	1
12035	1
1311939	1
126727	1
12050	1
12062	1
12066	1
28453	1
12072	1
12078	1
12082	1
28467	1
306997	1
77624	1
12091	1
44872	1
12105	1
12112	1
12113	1
12116	1
61273	1
10213	1
404	9
126829	1
44919	1
12153	1
44923	1
12157	1
12160	1
1683329	1
28547	1
77703	1
12179	1
21146	1
2032	1
12199	1
61367	1
28603	1
12229	1
529058	1
389076	1
12245	1
12246	1
477177	1
585688	1
454617	1
28641	1
12274	1
12276	3
12278	1
61432	1
18431	1
993280	1
12305	1
12311	1
77853	1
2053	1
12322	1
2047	1
12328	1
1962031	1
323632	1
12337	1
12340	1
68061	1
143420	1
2058	2
28738	1
61516	1
21176	1
12372	1
667733	1
45149	1
12382	1
12391	1
585833	1
61552	1
2067	1
12413	1
12416	1
12417	1
61581	1
15726	1
2073	1
28828	1
12449	1
28838	1
28850	1
143541	1
94390	1
5871	2
2080	2
83	1
1077467	1
159988	1
2486520	1
94458	1
12552	1
15746	1
2093	1
12570	1
12572	1
15751	1
12588	1
12589	1
12595	1
12606	1
18969	1
340295	1
261517	1
12630	1
225625	1
12637	1
29025	1
2650466	1
94568	1
78185	1
29040	1
668022	1
29048	1
12668	1
2112	1
12677	1
12685	1
12686	1
29073	1
29078	1
29082	1
45468	1
29089	1
7580	1
29102	1
12720	1
12721	1
12724	1
602554	1
29124	1
419917	1
192984	1
2127	2
12769	2
143844	1
45558	1
111097	1
12794	1
70399	1
422398	1
29184	1
61953	1
1044999	1
94728	1
143886	1
78353	1
12818	1
619033	1
12827	1
12840	1
8611	1
12850	1
1634867	1
12856	1
428	9
12865	1
12867	2
29257	1
12879	1
103184	1
12900	1
12907	1
209516	1
62071	1
12922	1
1176196	1
2156	2
62091	1
12954	1
12959	1
29348	1
12970	1
29355	1
45743	1
45745	1
12986	1
2165	3
127685	1
269773	1
29417	1
13037	1
94959	1
13068	1
13069	1
45842	1
13078	1
13079	1
13087	1
29478	1
16803	1
13108	1
78652	1
13117	1
29507	1
119606	1
4919	1
13139	1
29524	1
13155	1
2194	2
13170	1
13179	1
13185	1
95124	1
111521	1
127912	1
62393	1
29630	1
62399	1
46025	1
13264	1
13268	1
95194	1
29674	1
13292	1
13296	1
50089	1
26793	1
29688	1
13308	1
54101	1
46093	1
20084	1
29726	1
13343	1
13344	1
13350	2
62505	1
13357	1
13358	1
13365	1
13367	1
226368	1
18614	1
13384	1
750670	1
43561	1
13393	1
446	5
29787	1
2110557	1
406634	1
29804	1
324718	1
84157	1
13429	1
13431	1
13432	1
160890	1
294421	1
13443	1
29844	1
423061	1
2244	1
160934	1
13490	1
95418	1
13499	1
13514	1
4984	1
1307860	1
46309	1
7719	1
2258	2
13551	1
29952	1
13574	1
1543	1
2264	1
95522	1
10460	1
13612	1
13614	1
13615	1
5909	1
2270	1
62789	1
439626	1
2275	4
95572	1
13657	1
13661	1
177515	1
13676	1
13683	2
636281	1
13711	1
95635	1
30105	1
128413	1
457	4
13739	1
13741	1
13744	1
7752	1
364090	1
30136	1
7754	1
275908	1
112071	1
13773	1
459	4
46571	1
13805	1
30193	1
46582	1
21417	1
46584	1
62972	1
325125	1
13837	1
19010	1
174341	1
5583	1
13874	1
138847	1
964159	1
2316	3
13900	1
13907	1
177751	1
13928	1
13930	1
2225779	1
259705	1
13948	1
30337	1
13958	2
292342	1
63116	1
30351	1
128662	1
439968	1
13990	1
30377	1
30381	1
466	2
95924	1
5065	1
46777	1
14010	1
46780	1
5066	1
14015	1
14027	1
467	5
95956	1
1448397	1
14044	1
25953	1
95974	1
14064	1
145149	1
21461	1
14080	1
63235	1
423689	1
421	12
14109	1
46878	1
128811	1
14129	1
46905	1
14143	1
30528	1
63303	1
3199	1
46924	1
5090	1
14174	1
7824	1
14178	1
2363	1
30564	1
14184	1
14201	1
63359	1
14208	1
5929	2
30610	1
14228	1
30619	1
538535	1
14261	1
145337	1
2668475	1
325565	1
63435	1
2979791	1
14303	1
14306	1
587749	1
2385	1
129005	1
14320	1
30709	1
14329	2
30731	1
14349	1
47119	1
30738	1
14366	1
14370	1
5126	1
14379	1
2397	1
407602	1
14388	1
7860	1
14399	1
473167	1
79952	1
14421	1
39845	1
14433	1
30831	1
129136	1
63606	1
2409	1
1570944	1
14466	1
63619	1
40641	1
2824	1
342181	1
14502	1
227496	1
14508	1
14512	1
7880	1
47282	1
30916	1
14536	1
1210575	1
2424	1
47314	1
14553	1
47329	1
899300	1
30967	1
14586	1
14591	1
1032	1
31017	1
14641	1
14646	1
47417	1
129338	1
31040	1
14664	1
14676	1
14682	1
96603	1
129382	1
47463	1
358760	1
7911	1
14708	1
57065	1
14715	1
14723	1
14729	1
227723	1
47505	1
211349	1
31135	1
63907	1
31143	1
14766	1
14772	1
162232	1
14785	1
169035	1
14791	1
14792	1
424400	1
31185	1
293335	1
408026	1
1866210	1
31214	1
14836	1
14838	1
2475	1
47626	1
145931	1
1505807	1
39230	1
14869	1
14879	1
64032	1
47652	1
47667	1
31296	1
14913	2
14914	1
14917	1
64071	1
47690	1
14930	1
178771	1
178772	1
31321	2
14948	1
14956	1
395709	1
47739	1
13418	1
162439	1
342664	1
14989	1
15000	1
15004	1
15012	1
35270	1
15016	1
18887	1
500	6
163613	1
1046	3
100	85
293581	1
15066	1
178908	1
15069	1
35280	1
15076	1
15084	1
129	8
64244	1
129789	1
47872	1
15107	1
31494	1
2980630	1
15128	1
113433	1
15132	1
15145	1
785194	1
375597	1
178991	1
1050	1
80695	1
113471	1
15182	1
47951	1
31569	1
2532	3
15210	1
799893	1
1738	1
15252	1
1309590	1
15267	1
7055	1
2502	1
2472876	1
2489263	1
66522	1
2547	1
31670	1
261048	1
2548	2
5279	1
326598	1
31691	1
64463	1
80855	1
510	2
15328	1
79014	1
64498	1
15348	1
2559	1
3239	1
64516	1
71435	1
15372	1
136903	1
15377	1
48154	1
588827	1
64548	1
10758	1
3010	1
2569	1
18954	1
31808	1
15430	1
195658	1
64593	1
31826	1
64603	1
244830	1
15456	1
15458	1
15461	1
97388	1
81008	1
64625	1
15474	1
15480	1
2582	1
15495	1
195720	1
2583	1
15503	1
15511	1
8050	1
15540	1
146624	1
31951	1
8056	1
81107	1
294110	1
31978	1
81134	1
15605	1
15606	1
15607	1
507138	1
15635	1
15638	1
15639	1
64796	1
2608	1
64812	1
32046	1
15667	1
15676	1
32068	1
81226	1
15695	1
1424721	1
2619	1
114030	1
32111	1
212336	1
19006	1
15744	1
2624	1
32130	1
15747	2
32134	1
2625	1
68162	1
242925	1
15766	2
48535	1
15776	1
97701	1
81321	1
15786	1
114103	1
15807	1
87286	1
182860	1
15822	1
130516	1
671189	1
15842	1
15851	1
130541	1
32242	1
310771	1
7075	1
15870	2
15871	1
32268	1
474637	1
179732	1
1555989	1
32278	1
15909	1
62728	1
2654	1
15926	1
2655	1
15932	1
360001	1
15950	1
10852	1
32350	1
5392	1
15970	1
29969	1
8124	1
10855	1
15986	1
114291	1
15996	1
2293382	1
310935	1
5402	1
2672	1
2674	1
278193	1
2162358	1
212685	1
16081	1
16083	1
65243	1
16100	1
48872	1
1654510	1
81649	1
7629	1
297599	1
48902	1
16140	1
16143	1
5423	2
32541	1
2693	1
8155	2
8157	1
48945	1
114488	1
16192	1
16195	1
5430	1
16198	1
16199	1
16210	1
196439	1
16229	1
2706	2
32637	1
65408	1
81798	1
2712	2
16280	1
16294	1
999335	1
16311	1
81875	1
1277913	1
56192	1
98280	1
62803	1
1802229	1
16383	1
