3301018
3286159
3229864
3157705
3083335
3057286
2980630
2979791
2908373
2828467
2731598
2668475
2650466
2579917
2489263
2486520
2472876
2466280
2459472
2443128
2394514
2387205
2304479
2301620
2293382
2225779
2184252
2164749
2162358
2110557
2106699
2089684
2036180
1972340
1967017
1962031
1921973
1910613
1871348
1866210
1862589
1838906
1802229
1790658
1779215
1765099
1747373
1712954
1710024
1683329
1661407
1654510
1634867
1626311
1617022
1592657
1589498
1570944
1555989
1505807
1474989
1452138
1448397
1424721
1398070
1347727
1338935
1336988
1329651
1317925
1311939
1309590
1307860
1303370
1289896
1281551
1277913
1245425
1231331
1219515
1210575
1205653
1187313
1176196
1151605
1149588
1098761
1085433
1083022
1077467
1070383
1053560
1044999
1035597
1019249
999335
993280
983581
975624
964159
957885
956127
943119
935515
929016
899300
895165
885047
880343
867100
844988
844781
834641
822820
799893
785194
780892
779738
778240
762231
750670
748296
745527
727965
710998
709694
706541
696228
689540
683188
679624
671189
668022
667733
666942
662636
658583
650937
650285
646141
636281
619033
612702
602554
601565
600636
599958
597599
594950
593936
593390
588827
587749
585833
585688
582845
580755
578142
568519
566552
560252
560050
558803
547513
545763
544188
538535
536303
533400
531639
530252
529943
529058
524734
511820
507138
502960
499677
493150
492163
479783
478778
477177
476132
474637
473167
467760
467402
463255
454617
451959
447690
445281
444643
443534
439968
439626
436842
429590
429496
427412
424400
423689
423061
422398
419917
419337
416794
413361
412018
411756
411343
409997
408026
407602
406634
405846
403978
402335
400969
400487
395709
395117
389076
385676
385249
382964
382251
381197
375597
371159
368448
367525
366124
364090
361138
360001
358760
355216
353663
349779
349154
347927
345613
345586
342664
342181
340295
338140
336135
335782
335260
335243
334142
331049
330761
326598
325565
325125
324718
323632
321650
319438
317944
317597
317579
315070
314837
310935
310771
306997
306599
305561
303743
303447
302013
301628
300918
300304
297764
297599
297321
296965
295849
294421
294110
293581
293335
292342
290562
290160
289220
287768
283140
282404
282157
281076
281060
280384
278871
278786
278703
278193
275908
273978
269773
268150
266471
264837
262792
261517
261048
259705
258679
257534
256591
253110
249492
249320
249146
248897
246058
245902
244830
242925
240776
238220
238087
237426
235024
233152
231800
231174
230653
229476
227723
227496
226368
225625
224855
224194
223074
219962
216822
214866
214683
212685
212336
211349
209516
207010
206531
204242
203784
203700
203121
200367
199750
199683
198014
196804
196623
196439
195720
195658
194919
192984
191860
190774
190744
188685
188514
188389
187880
187814
186819
185530
182860
181589
180250
179732
178991
178908
178772
178771
177751
177515
175799
175652
174341
173958
173693
172559
171116
170590
170397
169627
169442
169206
169035
169008
168408
167876
167761
166730
165486
165275
164754
164144
163613
162907
162439
162232
160934
160890
159988
159029
157154
156634
156217
155924
155880
155675
154699
154403
153905
153173
152399
152245
150822
150466
150081
150064
146624
145931
145337
145149
143886
143844
143541
143420
143024
142991
142878
142158
141751
141494
140268
138847
138167
138109
137810
137313
137156
136903
136509
135262
135006
133877
133545
133266
132602
132548
132347
131940
131793
131599
131214
130541
130516
129789
129382
129338
129136
129005
128811
128662
128413
127912
127685
126829
126727
126515
126068
125849
125614
125342
125201
125018
124968
124781
123240
122780
122585
122407
121812
121332
121012
120764
119740
119695
119606
118963
118804
118568
117799
117761
117342
116768
116598
116425
116230
115853
115840
115390
114488
114291
114103
114030
113471
113433
112071
111521
111097
110253
110065
109471
109067
108705
108310
108052
107409
107242
107029
106894
106789
106027
105929
104535
104429
104090
103184
103083
102950
102488
102396
101835
101472
101265
100940
100765
100455
100399
99884
99336
98304
98280
97701
97388
97344
96603
95974
95956
95924
95635
95572
95522
95418
95194
95124
94959
94728
94568
94458
94390
92980
92794
92696
92533
92443
92412
91751
91359
91359
91217
90476
90044
89793
89286
88995
88792
88747
88688
88522
88408
88004
87860
87745
87700
87516
87286
87014
86453
86409
86115
86095
85768
85739
85555
85232
85180
84940
84544
84189
84157
83978
83909
83677
83522
83405
83305
82740
82462
82303
82251
82233
82176
81875
81798
81649
81321
81226
81134
81107
81008
80855
80695
79952
79193
79014
78652
78386
78353
78185
77853
77703
77624
77222
77214
77121
77102
77013
76997
76898
76762
76587
75952
75869
75029
74936
74493
74480
73894
73115
73026
73000
72795
72382
72096
72092
71859
71435
71066
71053
71008
70399
70232
69830
69775
69654
69585
69544
69397
69230
69136
69091
69032
68955
68944
68887
68621
68569
68270
68162
68061
67629
67485
67465
67304
67223
67137
67126
67079
67073
66909
66881
66834
66790
66545
66524
66522
66373
66162
66098
66036
65993
65964
65877
65783
65408
65243
64812
64796
64625
64603
64593
64548
64516
64498
64463
64244
64071
64032
63907
63619
63606
63435
63359
63303
63235
63116
62972
62803
62789
62728
62505
62399
62393
62091
62071
61992
61953
61581
61552
61516
61432
61367
61313
61273
61147
61083
61007
60940
60933
60932
60731
60633
59267
59241
59197
59102
59023
58964
58669
58659
58511
58106
57929
57767
57628
57600
57373
57103
57065
56976
56834
56798
56773
56559
56401
56366
56192
55853
55818
55539
55504
55339
55299
55209
55161
55034
55013
54977
54951
54831
54735
54731
54626
54431
54191
54101
54032
53952
53814
53791
53734
53582
53580
53552
53179
53150
53062
53047
52673
52263
52228
52132
52122
51959
51889
51884
51819
51807
51735
51726
51685
51444
51296
51263
51140
51126
51008
50961
50690
50580
50342
50235
50135
50099
50089
50001
49939
49777
49640
49454
49396
49396
49253
48945
48902
48872
48535
48154
47951
47872
47739
47690
47667
47652
47626
47505
47463
47417
47329
47314
47282
47241
47119
47088
46924
46905
46878
46780
46777
46584
46582
46571
46309
46093
46025
45842
45745
45743
45558
45531
45468
45149
44923
44919
44872
44708
44675
44653
44603
44529
44498
44457
44134
44121
44117
43843
43828
43816
43748
43725
43561
43512
43512
43338
43275
43152
42638
42607
42582
42561
42495
42492
42306
41851
41773
41728
41654
41544
41382
41232
41120
41010
41001
40948
40908
40888
40882
40824
40699
40699
40641
40523
40520
40518
40387
40173
40113
39845
39808
39784
39749
39704
39601
39601
39557
39430
39388
39300
39255
39230
39174
39080
38983
38977
38968
38900
38809
38720
38677
38370
38243
38070
38051
37834
37833
37780
37469
37425
37369
37343
37331
37288
37155
37049
36972
36902
36898
36865
36736
36658
36577
36557
36376
36314
36286
36071
35908
35803
35769
35766
35659
35651
35514
35480
35443
35356
35350
35280
35270
35182
35083
35032
35026
34949
34715
34520
34518
34506
34470
34373
34371
34364
34347
34340
34296
34292
34145
33981
33940
33618
33518
33508
33391
33384
33298
33278
33234
33218
33172
33133
33093
33050
33016
32983
32949
32915
32911
32822
32806
32770
32637
32541
32350
32278
32268
32242
32134
32130
32111
32068
32046
31978
31951
31826
31808
31691
31670
31569
31494
31321
31321
31296
31214
31185
31143
31135
31040
31017
30967
30916
30831
30738
30731
30709
30619
30610
30564
30528
30388
30381
30377
30351
30337
30193
30136
30105
29969
29952
29844
29804
29787
29726
29688
29674
29630
29524
29507
29478
29417
29355
29348
29257
29184
29124
29102
29089
29082
29078
29073
29048
29040
29025
28979
28850
28838
28828
28738
28641
28603
28547
28467
28453
28254
28236
28234
27974
27954
27929
27923
27915
27908
27869
27851
27799
27779
27745
27736
27717
27655
27647
27645
27634
27627
27509
27482
27445
27334
27287
27279
27236
27010
26938
26896
26895
26864
26863
26816
26793
26789
26757
26735
26579
26565
26545
26510
26411
26408
26274
26201
26120
26107
26101
26049
26037
26036
26000
25953
25879
25857
25840
25830
25809
25807
25787
25786
25758
25700
25455
25453
25327
25315
25313
25302
25301
25275
25257
25246
25228
25174
25145
25127
25025
24995
24981
24929
24905
24892
24860
24849
24831
24817
24808
24802
24794
24787
24685
24652
24644
24592
24537
24522
24461
24457
24417
24359
24334
24271
24255
24129
24084
24050
24043
23990
23966
23926
23920
23788
23753
23686
23616
23605
23568
23564
23457
23450
23419
23387
23295
23276
23258
23247
23241
23154
23124
23116
23060
23035
23019
23017
22992
22975
22950
22820
22818
22658
22646
22627
22587
22545
22527
22501
22472
22429
22389
22324
22301
22300
22277
22274
22255
22157
22156
22146
22106
22051
22050
22033
21996
21980
21891
21850
21849
21786
21771
21755
21734
21685
21678
21629
21615
21596
21588
21571
21461
21417
21302
21299
21269
21228
21222
21176
21168
21168
21166
21156
21154
21146
21034
20996
20958
20931
20898
20884
20876
20873
20802
20788
20748
20726
20667
20635
20608
20546
20530
20520
20499
20483
20466
20456
20455
20448
20437
20433
20367
20364
20337
20310
20291
20286
20166
20146
20084
20062
20049
20048
20016
20009
19980
19974
19914
19881
19879
19788
19737
19728
19623
19570
19541
19512
19507
19491
19441
19422
19391
19378
19364
19319
19270
19267
19259
19208
19090
19058
19056
19055
19038
19026
19015
19010
19006
19003
18974
18969
18954
18953
18952
18931
18906
18906
18887
18886
18875
18781
18735
18700
18671
18628
18614
18549
18528
18496
18481
18431
18416
18391
18368
18343
18340
18307
18275
18270
18243
18188
18158
18126
18101
18059
17915
17890
17844
17835
17814
17765
17743
17735
17708
17699
17638
17638
17632
17627
17622
17611
17603
17587
17587
17585
17575
17490
17480
17470
17470
17434
17430
17406
17406
17382
17360
17359
17324
17319
17319
17319
17315
17268
17230
17220
17175
17087
17084
17078
17078
17072
17060
17057
17038
17028
16958
16951
16944
16930
16919
16866
16851
16844
16831
16807
16805
16803
16725
16701
16648
16625
16574
16571
16556
16532
16523
16513
16454
16390
16383
16311
16294
16280
16229
16210
16199
16198
16195
16192
16143
16140
16100
16083
16081
15996
15986
15970
15950
15932
15926
15909
15871
15870
15870
15851
15842
15822
15807
15786
15776
15766
15766
15751
15747
15747
15746
15744
15726
15695
15676
15667
15639
15638
15635
15607
15606
15605
15540
15511
15503
15495
15480
15474
15461
15458
15456
15430
15396
15377
15372
15348
15328
15283
15267
15252
15210
15182
15149
15145
15132
15128
15107
15092
15084
15076
15069
15066
15016
15012
15004
15000
14989
14956
14948
14930
14917
14914
14913
14913
14879
14869
14838
14836
14792
14791
14785
14772
14766
14731
14729
14723
14715
14708
14682
14676
14664
14646
14641
14591
14586
14553
14536
14512
14508
14502
14473
14466
14433
14421
14399
14388
14379
14370
14366
14349
14329
14329
14320
14306
14303
14261
14228
14208
14201
14184
14178
14174
14143
14129
14109
14080
14064
14044
14027
14015
14010
14000
13990
13958
13958
13948
13930
13928
13907
13900
13874
13844
13837
13805
13773
13744
13741
13739
13725
13725
13711
13683
13683
13676
13661
13657
13615
13614
13612
13574
13551
13514
13499
13490
13443
13432
13431
13429
13418
13393
13384
13367
13365
13358
13357
13350
13350
13344
13343
13308
13296
13292
13268
13264
13185
13179
13170
13155
13139
13117
13108
13087
13079
13078
13069
13068
13037
12986
12970
12959
12954
12922
12907
12900
12879
12867
12867
12865
12856
12850
12840
12827
12818
12794
12769
12769
12724
12721
12720
12705
12686
12685
12677
12668
12637
12630
12606
12595
12589
12588
12572
12570
12552
12449
12417
12416
12413
12391
12382
12372
12340
12337
12328
12322
12311
12305
12278
12276
12276
12276
12274
12247
12246
12245
12229
12219
12199
12179
12160
12157
12153
12116
12113
12112
12105
12091
12082
12078
12072
12066
12062
12050
12035
12029
12010
11982
11973
11972
11969
11965
11937
11903
11875
11867
11862
11857
11834
11826
11823
11821
11817
11812
11802
11780
11777
11729
11725
11715
11637
11618
11612
11611
11610
11595
11591
11588
11561
11558
11552
11549
11536
11525
11508
11506
11481
11469
11464
11464
11455
11443
11413
11408
11400
11386
11381
11375
11364
11357
11338
11335
11330
11322
11321
11318
11290
11281
11274
11273
11268
11262
11260
11253
11245
11244
11208
11197
11182
11176
11154
11154
11148
11148
11142
11118
11107
11106
11095
11082
11080
11080
11080
11073
11067
11064
11063
11025
11005
10966
10954
10952
10948
10919
10915
10908
10907
10901
10893
10892
10890
10869
10865
10862
10855
10852
10850
10838
10837
10802
10800
10793
10777
10770
10769
10758
10757
10707
10696
10694
10659
10658
10645
10635
10592
10585
10582
10571
10568
10557
10555
10539
10539
10532
10505
10478
10474
10472
10472
10463
10460
10455
10441
10434
10430
10427
10417
10413
10411
10409
10389
10361
10360
10342
10332
10317
10276
10276
10254
10247
10240
10239
10236
10235
10214
10213
10200
10198
10186
10186
10170
10164
10158
10139
10138
10135
10123
10120
10077
10051
10048
10046
10044
10043
10038
10035
10020
10007
9988
9984
9977
9961
9948
9938
9935
9933
9930
9873
9858
9857
9850
9843
9822
9808
9754
9750
9741
9738
9729
9704
9701
9697
9695
9686
9683
9663
9652
9650
9639
9635
9633
9626
9620
9608
9603
9596
9588
9584
9569
9563
9545
9542
9534
9505
9503
9494
9491
9489
9489
9480
9479
9478
9476
9469
9450
9444
9437
9434
9428
9423
9379
9344
9339
9328
9306
9299
9285
9279
9264
9261
9259
9259
9243
9232
9215
9196
9186
9186
9179
9179
9165
9159
9157
9143
9137
9136
9123
9119
9117
9101
9099
9098
9079
9079
9072
9072
9045
9042
9026
9014
8998
8985
8973
8964
8958
8958
8951
8926
8922
8870
8864
8864
8863
8860
8851
8850
8849
8846
8838
8836
8835
8831
8817
8813
8804
8800
8770
8770
8769
8768
8767
8766
8766
8765
8747
8747
8732
8725
8715
8712
8700
8699
8698
8688
8687
8685
8668
8658
8650
8647
8639
8630
8611
8607
8591
8583
8526
8524
8496
8491
8485
8480
8478
8472
8472
8443
8430
8412
8402
8400
8399
8396
8394
8379
8355
8355
8352
8346
8339
8338
8337
8333
8329
8315
8313
8308
8301
8300
8299
8293
8273
8270
8260
8254
8243
8242
8240
8240
8240
8234
8234
8228
8213
8195
8188
8184
8167
8160
8157
8155
8155
8148
8147
8139
8130
8124
8122
8121
8117
8113
8113
8112
8108
8099
8098
8086
8085
8070
8069
8065
8056
8054
8052
8050
8042
8038
8031
8030
8019
8010
7993
7991
7984
7977
7971
7970
7967
7957
7955
7955
7928
7927
7920
7919
7917
7911
7908
7907
7884
7880
7879
7865
7862
7860
7859
7854
7847
7827
7824
7818
7813
7798
7792
7791
7787
7783
7777
7769
7756
7754
7752
7738
7725
7719
7718
7709
7703
7698
7697
7697
7695
7690
7690
7689
7687
7687
7675
7673
7667
7647
7647
7644
7636
7629
7614
7612
7609
7600
7599
7593
7585
7584
7583
7580
7557
7557
7556
7555
7552
7549
7541
7540
7534
7532
7530
7522
7521
7514
7495
7492
7478
7477
7474
7462
7458
7454
7451
7444
7444
7441
7433
7432
7413
7411
7410
7405
7399
7395
7386
7379
7377
7377
7365
7354
7346
7344
7342
7337
7330
7316
7313
7309
7302
7295
7293
7275
7262
7253
7251
7240
7239
7236
7235
7233
7231
7226
7226
7225
7219
7203
7198
7196
7196
7193
7191
7185
7181
7178
7178
7168
7162
7153
7151
7148
7141
7136
7132
7128
7128
7125
7110
7110
7107
7098
7092
7091
7089
7089
7081
7080
7078
7076
7075
7065
7063
7055
7047
7033
7017
7005
7005
6988
6987
6986
6982
6980
6965
6959
6958
6947
6937
6934
6931
6930
6920
6914
6914
6911
6911
6901
6889
6887
6886
6886
6885
6879
6875
6860
6852
6850
6848
6846
6845
6840
6840
6835
6830
6830
6815
6809
6807
6807
6804
6799
6794
6791
6783
6783
6782
6780
6779
6767
6764
6758
6754
6750
6749
6745
6730
6729
6727
6724
6723
6718
6691
6679
6676
6667
6657
6657
6655
6654
6648
6637
6633
6623
6620
6611
6605
6604
6602
6592
6590
6589
6581
6577
6574
6568
6565
6563
6559
6557
6554
6552
6551
6541
6538
6533
6526
6523
6523
6518
6516
6510
6510
6510
6510
6495
6493
6485
6477
6476
6468
6466
6464
6445
6442
6440
6440
6436
6436
6431
6428
6427
6418
6416
6400
6400
6397
6395
6387
6377
6373
6369
6366
6362
6358
6357
6356
6346
6344
6325
6323
6319
6319
6319
6299
6298
6298
6290
6287
6283
6279
6277
6267
6260
6254
6245
6241
6238
6231
6230
6229
6228
6227
6222
6221
6217
6209
6204
6198
6197
6193
6191
6191
6182
6180
6176
6171
6170
6170
6153
6146
6145
6139
6138
6123
6122
6121
6100
6096
6086
6082
6081
6081
6076
6068
6060
6054
6053
6026
6025
6022
6010
6010
6008
6008
6006
6002
5990
5986
5982
5968
5964
5960
5958
5958
5938
5930
5929
5929
5923
5919
5912
5909
5896
5890
5888
5887
5887
5886
5871
5871
5868
5859
5855
5855
5842
5832
5831
5817
5811
5810
5803
5774
5772
5762
5749
5748
5742
5742
5738
5731
5729
5728
5727
5726
5722
5717
5708
5703
5703
5703
5702
5676
5676
5674
5669
5669
5664
5663
5660
5657
5656
5655
5655
5653
5650
5642
5640
5634
5634
5633
5627
5626
5625
5615
5615
5611
5609
5609
5592
5590
5588
5586
5585
5583
5575
5561
5554
5554
5551
5548
5536
5535
5535
5534
5530
5526
5522
5521
5502
5495
5495
5491
5485
5478
5475
5474
5473
5464
5463
5460
5458
5457
5451
5445
5441
5434
5430
5429
5425
5423
5423
5416
5414
5412
5412
5404
5402
5398
5395
5392
5384
5380
5378
5375
5374
5369
5369
5360
5357
5346
5344
5338
5325
5321
5311
5303
5297
5285
5284
5284
5282
5281
5279
5278
5271
5269
5262
5258
5255
5255
5254
5250
5248
5247
5244
5239
5238
5228
5205
5201
5201
5199
5199
5199
5197
5195
5189
5188
5179
5173
5173
5165
5161
5159
5156
5156
5155
5141
5140
5132
5130
5126
5123
5122
5118
5116
5113
5113
5112
5106
5103
5092
5092
5090
5089
5089
5082
5080
5079
5069
5068
5066
5065
5062
5054
5051
5051
5051
5050
5044
5037
5036
5033
5033
5031
5028
5019
5016
5015
5011
5008
5004
5003
4993
4988
4984
4972
4964
4964
4962
4959
4959
4955
4952
4949
4944
4941
4938
4935
4931
4927
4924
4919
4908
4908
4907
4902
4902
4901
4900
4897
4890
4881
4879
4874
4874
4873
4872
4866
4863
4861
4849
4846
4842
4837
4834
4834
4833
4832
4831
4830
4828
4823
4823
4822
4809
4808
4806
4792
4791
4791
4778
4774
4773
4768
4768
4765
4762
4760
4756
4746
4745
4726
4725
4725
4724
4724
4723
4715
4713
4701
4698
4696
4696
4693
4693
4692
4688
4675
4672
4671
4665
4661
4660
4657
4656
4655
4654
4652
4649
4643
4641
4640
4639
4639
4638
4638
4632
4632
4626
4617
4617
4612
4611
4609
4601
4584
4583
4583
4582
4569
4561
4561
4548
4545
4545
4545
4542
4533
4532
4530
4527
4525
4525
4523
4520
4520
4520
4520
4515
4514
4512
4505
4504
4495
4494
4490
4487
4486
4477
4476
4475
4473
4471
4469
4459
4455
4451
4448
4445
4445
4445
4443
4442
4441
4437
4430
4426
4423
4415
4415
4411
4411
4409
4408
4408
4399
4398
4397
4396
4395
4395
4395
4393
4392
4389
4387
4384
4381
4376
4371
4365
4364
4362
4360
4358
4357
4355
4351
4342
4340
4333
4329
4316
4314
4314
4313
4306
4306
4294
4293
4293
4283
4282
4279
4278
4277
4273
4270
4266
4265
4264
4255
4254
4250
4245
4244
4239
4239
4235
4235
4231
4229
4225
4225
4219
4215
4214
4214
4209
4198
4188
4181
4180
4180
4179
4173
4170
4169
4163
4162
4156
4153
4152
4152
4150
4148
4146
4146
4144
4139
4139
4138
4132
4130
4128
4126
4125
4124
4122
4112
4110
4108
4107
4105
4101
4101
4101
4097
4091
4089
4084
4081
4079
4078
4076
4076
4076
4074
4068
4059
4059
4059
4059
4058
4055
4055
4053
4050
4044
4043
4043
4040
4039
4038
4033
4029
4027
4020
4017
4016
4012
4011
4008
4008
4008
4000
3999
3997
3995
3992
3991
3990
3985
3981
3980
3980
3978
3974
3973
3970
3968
3968
3968
3966
3964
3960
3960
3959
3958
3956
3956
3955
3952
3952
3952
3952
3951
3948
3945
3945
3945
3943
3942
3939
3938
3936
3934
3928
3928
3926
3923
3916
3915
3915
3914
3906
3904
3899
3895
3889
3886
3885
3884
3882
3882
3882
3882
3881
3875
3872
3858
3856
3856
3856
3854
3854
3853
3846
3839
3835
3833
3830
3827
3823
3823
3820
3814
3812
3810
3803
3800
3799
3798
3796
3793
3793
3792
3792
3790
3789
3788
3787
3786
3783
3780
3779
3779
3774
3773
3770
3770
3765
3763
3763
3760
3757
3753
3751
3747
3747
3746
3744
3741
3741
3741
3738
3732
3732
3723
3719
3719
3719
3718
3714
3712
3711
3711
3710
3710
3710
3707
3707
3705
3700
3695
3694
3683
3677
3677
3673
3673
3666
3663
3663
3659
3657
3657
3655
3653
3653
3650
3650
3648
3642
3640
3639
3639
3638
3637
3629
3628
3628
3628
3626
3626
3626
3621
3616
3615
3614
3614
3613
3612
3612
3611
3611
3611
3609
3606
3605
3600
3597
3585
3580
3574
3573
3573
3571
3571
3570
3567
3564
3558
3557
3556
3556
3554
3553
3550
3547
3546
3545
3542
3538
3534
3526
3521
3518
3517
3515
3514
3514
3514
3513
3508
3505
3505
3505
3504
3504
3503
3491
3489
3489
3486
3481
3481
3471
3470
3469
3464
3459
3454
3452
3450
3450
3449
3448
3447
3447
3443
3443
3441
3441
3440
3435
3429
3424
3424
3423
3423
3423
3423
3420
3415
3415
3413
3413
3403
3403
3394
3393
3393
3390
3385
3380
3377
3374
3373
3372
3370
3366
3366
3365
3363
3359
3358
3356
3355
3353
3351
3350
3350
3349
3348
3343
3339
3336
3336
3333
3331
3326
3323
3322
3320
3319
3318
3314
3313
3307
3306
3306
3305
3300
3300
3299
3297
3297
3294
3294
3293
3291
3288
3285
3279
3279
3278
3273
3271
3271
3271
3270
3268
3268
3266
3266
3265
3262
3261
3257
3257
3255
3254
3251
3251
3250
3248
3248
3243
3239
3235
3235
3235
3233
3232
3232
3231
3230
3227
3224
3223
3220
3220
3217
3216
3215
3215
3210
3208
3207
3203
3202
3199
3197
3195
3194
3193
3190
3189
3185
3182
3182
3179
3177
3174
3174
3174
3173
3172
3169
3167
3166
3165
3164
3162
3162
3161
3161
3160
3159
3157
3154
3149
3149
3146
3143
3143
3143
3140
3136
3134
3132
3129
3129
3128
3128
3127
3125
3121
3120
3119
3118
3113
3112
3111
3107
3105
3104
3100
3100
3098
3095
3094
3094
3093
3090
3089
3088
3085
3083
3080
3079
3079
3076
3076
3076
3075
3075
3074
3068
3064
3063
3061
3060
3051
3050
3050
3050
3050
3048
3044
3043
3041
3040
3040
3039
3036
3034
3034
3034
3026
3026
3024
3023
3021
3015
3014
3014
3014
3013
3012
3010
3009
3008
3007
3005
3003
3001
3001
2998
2998
2997
2994
2989
2986
2986
2984
2984
2983
2979
2977
2976
2975
2972
2972
2969
2968
2967
2967
2966
2962
2962
2962
2962
2962
2958
2953
2949
2948
2947
2942
2939
2934
2931
2928
2925
2925
2924
2924
2923
2920
2919
2919
2915
2913
2911
2911
2911
2909
2904
2904
2903
2903
2902
2898
2896
2896
2894
2891
2891
2890
2889
2889
2889
2884
2883
2881
2878
2878
2876
2874
2868
2867
2867
2864
2864
2863
2863
2862
2862
2861
2860
2860
2858
2857
2855
2853
2852
2850
2847
2846
2846
2843
2842
2842
2837
2837
2832
2831
2830
2829
2825
2825
2825
2824
2822
2822
2820
2817
2816
2816
2816
2815
2814
2811
2810
2809
2808
2807
2804
2803
2802
2802
2802
2799
2798
2797
2795
2790
2788
2787
2787
2787
2784
2781
2780
2773
2772
2771
2771
2770
2766
2766
2764
2763
2762
2756
2755
2754
2752
2752
2751
2750
2748
2747
2745
2743
2739
2739
2735
2735
2732
2732
2732
2730
2728
2728
2726
2726
2725
2723
2723
2720
2718
2718
2718
2715
2715
2712
2712
2710
2709
2709
2706
2706
2704
2704
2703
2703
2702
2702
2700
2700
2696
2695
2694
2693
2692
2692
2690
2689
2687
2687
2686
2683
2682
2681
2681
2680
2678
2677
2674
2672
2666
2666
2660
2660
2659
2659
2656
2655
2654
2653
2652
2652
2651
2650
2650
2649
2649
2647
2646
2645
2645
2645
2643
2643
2639
2638
2635
2632
2632
2628
2627
2626
2626
2626
2625
2624
2623
2622
2622
2621
2620
2619
2618
2618
2617
2616
2616
2615
2613
2611
2610
2609
2608
2607
2605
2604
2602
2601
2599
2597
2595
2595
2593
2589
2587
2585
2585
2583
2582
2580
2578
2570
2570
2570
2569
2567
2563
2563
2563
2560
2559
2556
2556
2552
2550
2548
2548
2547
2545
2545
2543
2542
2541
2540
2538
2536
2535
2534
2532
2532
2532
2529
2527
2526
2525
2523
2523
2521
2521
2519
2518
2515
2515
2514
2513
2513
2512
2511
2509
2509
2506
2504
2503
2502
2501
2501
2498
2497
2497
2494
2494
2493
2493
2493
2493
2492
2488
2487
2485
2485
2481
2480
2480
2479
2479
2477
2476
2475
2472
2472
2470
2468
2468
2465
2464
2459
2456
2456
2453
2453
2452
2451
2451
2448
2445
2445
2443
2443
2442
2441
2439
2439
2438
2437
2435
2435
2435
2433
2432
2430
2430
2429
2428
2428
2427
2425
2425
2424
2423
2422
2420
2416
2415
2411
2410
2409
2408
2408
2408
2407
2407
2402
2401
2398
2397
2396
2394
2394
2394
2392
2392
2391
2391
2391
2391
2389
2389
2389
2387
2386
2386
2385
2382
2382
2382
2380
2378
2373
2373
2370
2369
2366
2366
2366
2366
2364
2364
2363
2362
2358
2358
2357
2357
2356
2352
2350
2349
2348
2347
2347
2347
2345
2345
2345
2342
2338
2337
2336
2336
2331
2330
2326
2325
2325
2324
2323
2321
2321
2320
2318
2317
2316
2316
2316
2313
2312
2311
2311
2310
2309
2307
2307
2307
2305
2305
2304
2302
2302
2301
2300
2300
2299
2298
2298
2297
2297
2295
2295
2295
2294
2294
2294
2294
2293
2291
2290
2289
2288
2288
2286
2286
2282
2282
2281
2280
2279
2279
2275
2275
2275
2275
2272
2272
2272
2271
2271
2271
2270
2268
2267
2267
2264
2262
2262
2262
2261
2260
2260
2258
2258
2257
2253
2253
2253
2253
2251
2250
2250
2250
2248
2247
2244
2243
2243
2243
2243
2241
2240
2239
2238
2237
2233
2231
2230
2230
2230
2228
2227
2226
2226
2224
2224
2224
2221
2221
2221
2220
2219
2219
2219
2212
2212
2211
2210
2209
2209
2208
2208
2207
2206
2204
2201
2199
2197
2197
2196
2194
2194
2192
2191
2189
2189
2188
2186
2185
2185
2184
2184
2182
2182
2180
2177
2175
2172
2171
2168
2168
2166
2165
2165
2165
2164
2162
2161
2161
2161
2160
2159
2158
2157
2157
2157
2156
2156
2153
2152
2150
2148
2146
2145
2145
2143
2143
2142
2142
2139
2139
2138
2135
2133
2133
2132
2132
2130
2128
2127
2127
2125
2124
2122
2122
2121
2120
2120
2120
2119
2119
2117
2114
2112
2110
2108
2107
2106
2106
2105
2104
2104
2104
2103
2102
2101
2100
2099
2099
2099
2098
2093
2091
2091
2090
2086
2085
2083
2082
2081
2080
2080
2078
2076
2074
2073
2072
2070
2067
2066
2065
2065
2065
2065
2064
2063
2063
2063
2062
2058
2058
2057
2057
2057
2056
2056
2054
2053
2052
2052
2051
2051
2050
2049
2047
2045
2045
2045
2045
2045
2044
2042
2041
2040
2040
2038
2038
2037
2037
2035
2035
2034
2034
2034
2033
2033
2032
2030
2030
2025
2024
2024
2024
2024
2023
2023
2022
2022
2022
2022
2021
2020
2020
2019
2019
2017
2017
2017
2017
2015
2013
2013
2009
2006
2002
2001
1999
1999
1997
1996
1990
1990
1989
1988
1987
1986
1986
1985
1985
1985
1982
1981
1981
1980
1980
1978
1977
1977
1976
1976
1976
1975
1973
1973
1971
1971
1971
1970
1970
1968
1965
1965
1965
1962
1961
1961
1961
1960
1959
1954
1952
1952
1951
1951
1951
1949
1947
1946
1945
1943
1941
1941
1940
1940
1939
1939
1939
1939
1939
1938
1937
1935
1934
1933
1931
1930
1930
1929
1929
1927
1927
1926
1924
1924
1924
1924
1924
1922
1921
1920
1918
1918
1918
1917
1916
1916
1915
1913
1912
1912
1911
1908
1908
1907
1907
1905
1903
1903
1901
1900
1900
1899
1898
1898
1897
1897
1897
1894
1890
1889
1888
1887
1887
1886
1886
1886
1883
1882
1882
1882
1874
1874
1874
1867
1866
1865
1865
1865
1864
1864
1862
1861
1861
1857
1856
1856
1855
1855
1854
1853
1853
1853
1852
1851
1850
1849
1849
1847
1844
1842
1839
1839
1835
1834
1833
1833
1832
1831
1830
1829
1829
1827
1827
1826
1825
1824
1823
1821
1821
1820
1820
1820
1819
1819
1819
1819
1819
1819
1819
1818
1815
1815
1815
1814
1813
1812
1809
1809
1807
1806
1805
1804
1801
1801
1800
1799
1798
1797
1796
1796
1796
1796
1796
1794
1794
1793
1790
1789
1787
1786
1783
1783
1782
1782
1782
1781
1781
1780
1779
1778
1778
1778
1777
1777
1777
1775
1774
1774
1773
1772
1772
1772
1771
1768
1768
1768
1767
1767
1766
1765
1764
1763
1762
1761
1760
1758
1757
1754
1753
1752
1752
1751
1750
1749
1749
1748
1748
1747
1747
1743
1743
1743
1743
1741
1738
1736
1733
1733
1731
1731
1730
1729
1729
1728
1728
1727
1727
1726
1726
1725
1725
1723
1721
1720
1720
1720
1719
1719
1717
1717
1716
1713
1710
1710
1710
1710
1708
1707
1707
1706
1706
1705
1705
1704
1703
1702
1702
1701
1700
1700
1699
1698
1698
1697
1697
1697
1696
1696
1691
1689
1688
1688
1687
1686
1685
1684
1683
1680
1680
1679
1678
1678
1678
1678
1677
1676
1675
1675
1674
1674
1673
1672
1672
1669
1668
1668
1668
1668
1667
1667
1667
1667
1666
1666
1665
1665
1664
1664
1663
1661
1661
1660
1660
1659
1659
1659
1658
1658
1657
1656
1656
1656
1655
1655
1655
1654
1653
1653
1653
1650
1650
1650
1649
1648
1648
1648
1647
1647
1647
1647
1646
1646
1646
1644
1643
1640
1639
1639
1638
1638
1638
1637
1637
1637
1637
1637
1637
1637
1636
1635
1635
1635
1635
1634
1634
1633
1632
1632
1631
1629
1628
1628
1628
1626
1625
1624
1622
1622
1620
1620
1620
1618
1617
1617
1616
1616
1616
1615
1614
1614
1614
1611
1610
1610
1608
1608
1606
1605
1602
1602
1601
1600
1600
1600
1600
1600
1599
1598
1597
1595
1594
1594
1594
1592
1591
1591
1591
1590
1590
1589
1589
1587
1587
1587
1586
1586
1585
1585
1584
1584
1584
1583
1582
1582
1579
1578
1578
1576
1576
1576
1574
1573
1573
1572
1571
1571
1569
1569
1569
1568
1568
1568
1567
1566
1566
1565
1564
1563
1563
1563
1562
1562
1561
1560
1559
1559
1559
1558
1558
1557
1557
1556
1554
1553
1553
1553
1553
1553
1551
1550
1550
1550
1549
1548
1548
1547
1547
1546
1546
1546
1544
1543
1540
1538
1538
1538
1537
1537
1535
1534
1534
1532
1531
1531
1531
1530
1530
1530
1529
1528
1527
1526
1526
1525
1525
1525
1524
1524
1524
1523
1522
1522
1521
1521
1520
1519
1519
1518
1518
1518
1518
1518
1517
1517
1516
1516
1516
1516
1516
1516
1515
1514
1514
1514
1514
1513
1513
1512
1512
1512
1512
1509
1507
1507
1507
1504
1503
1503
1501
1500
1500
1500
1497
1497
1497
1496
1494
1492
1492
1492
1492
1491
1489
1488
1488
1488
1487
1487
1486
1485
1485
1485
1485
1485
1484
1483
1478
1477
1477
1477
1476
1475
1475
1474
1474
1474
1473
1473
1472
1471
1471
1468
1468
1468
1467
1467
1467
1466
1465
1464
1464
1463
1463
1462
1461
1458
1457
1457
1457
1456
1456
1455
1455
1455
1453
1453
1452
1451
1450
1448
1447
1447
1447
1447
1446
1445
1445
1445
1444
1444
1444
1443
1443
1443
1442
1442
1441
1440
1439
1439
1437
1436
1436
1435
1434
1432
1432
1431
1431
1430
1429
1428
1427
1427
1427
1427
1426
1425
1424
1424
1423
1423
1422
1422
1421
1421
1419
1419
1419
1418
1418
1417
1417
1416
1416
1415
1414
1414
1414
1414
1413
1413
1413
1413
1413
1412
1411
1410
1410
1409
1409
1408
1407
1407
1406
1406
1406
1405
1405
1404
1403
1400
1399
1398
1398
1398
1397
1397
1396
1395
1395
1394
1394
1393
1393
1393
1392
1392
1392
1392
1392
1391
1391
1390
1390
1390
1390
1389
1389
1389
1388
1387
1387
1386
1386
1384
1383
1383
1383
1382
1381
1381
1380
1378
1377
1376
1375
1375
1374
1372
1370
1369
1368
1367
1367
1366
1366
1366
1366
1365
1365
1365
1364
1364
1364
1363
1363
1361
1361
1361
1360
1360
1359
1357
1357
1356
1355
1354
1353
1353
1352
1352
1350
1347
1346
1346
1346
1346
1346
1345
1345
1344
1344
1342
1342
1342
1341
1340
1340
1340
1339
1338
1337
1337
1337
1337
1336
1335
1335
1333
1333
1333
1333
1332
1330
1330
1329
1329
1329
1329
1329
1329
1328
1328
1327
1326
1326
1326
1325
1324
1323
1323
1322
1322
1321
1320
1320
1319
1318
1318
1318
1318
1318
1317
1316
1316
1316
1316
1315
1314
1313
1313
1310
1309
1308
1307
1307
1305
1305
1304
1304
1302
1302
1301
1300
1300
1300
1298
1298
1297
1297
1296
1295
1293
1293
1293
1292
1292
1291
1291
1289
1289
1287
1287
1287
1287
1287
1286
1285
1285
1283
1283
1283
1283
1282
1282
1281
1281
1281
1281
1280
1280
1280
1280
1279
1279
1279
1277
1277
1277
1276
1275
1274
1272
1271
1271
1270
1269
1269
1268
1267
1267
1267
1267
1266
1266
1266
1265
1264
1264
1263
1263
1263
1261
1261
1261
1260
1259
1258
1257
1257
1255
1255
1251
1251
1250
1250
1249
1248
1248
1248
1248
1247
1246
1245
1244
1244
1244
1243
1242
1241
1241
1241
1239
1238
1238
1238
1238
1238
1237
1237
1237
1236
1235
1235
1235
1233
1233
1233
1233
1233
1233
1232
1232
1230
1230
1230
1229
1229
1229
1229
1229
1226
1226
1226
1226
1225
1224
1223
1223
1221
1219
1218
1217
1216
1216
1216
1215
1214
1214
1213
1213
1212
1211
1211
1211
1211
1211
1211
1210
1210
1209
1209
1208
1208
1208
1208
1207
1207
1207
1206
1205
1205
1204
1203
1203
1202
1202
1202
1202
1202
1201
1201
1201
1201
1200
1200
1200
1197
1197
1196
1196
1195
1195
1195
1194
1194
1193
1193
1192
1192
1192
1192
1191
1190
1189
1189
1189
1188
1188
1188
1188
1188
1187
1187
1186
1186
1186
1185
1184
1184
1184
1184
1183
1182
1181
1179
1179
1179
1178
1178
1177
1176
1176
1175
1174
1174
1173
1173
1173
1172
1172
1172
1172
1171
1170
1170
1169
1168
1167
1167
1167
1166
1166
1166
1163
1163
1163
1163
1163
1162
1162
1161
1161
1161
1161
1160
1160
1159
1157
1157
1155
1155
1155
1154
1154
1152
1152
1152
1152
1151
1151
1150
1150
1150
1150
1149
1148
1148
1148
1147
1146
1146
1146
1145
1145
1144
1144
1144
1143
1143
1143
1142
1142
1141
1141
1141
1141
1141
1141
1141
1140
1140
1140
1140
1140
1140
1139
1139
1138
1138
1138
1137
1137
1137
1137
1135
1134
1134
1133
1133
1133
1133
1132
1131
1131
1130
1129
1128
1128
1128
1127
1126
1125
1125
1125
1125
1123
1121
1121
1121
1120
1120
1120
1120
1119
1119
1119
1118
1117
1116
1115
1114
1114
1114
1114
1114
1113
1113
1113
1113
1112
1112
1111
1111
1110
1109
1109
1109
1107
1107
1107
1107
1106
1106
1105
1105
1104
1104
1104
1103
1101
1101
1101
1100
1100
1099
1099
1098
1098
1098
1097
1097
1097
1097
1097
1096
1096
1096
1096
1095
1095
1095
1095
1095
1094
1094
1093
1092
1092
1092
1092
1091
1091
1090
1090
1090
1090
1090
1089
1089
1089
1088
1088
1088
1088
1088
1088
1087
1087
1085
1085
1084
1084
1083
1083
1082
1081
1081
1080
1080
1079
1078
1078
1078
1078
1077
1077
1077
1076
1076
1076
1076
1076
1075
1075
1075
1074
1074
1074
1073
1072
1072
1072
1071
1070
1070
1070
1070
1069
1069
1068
1068
1067
1066
1065
1064
1063
1063
1062
1061
1061
1061
1060
1060
1059
1059
1059
1058
1058
1057
1057
1057
1056
1056
1055
1054
1054
1054
1053
1052
1052
1052
1052
1050
1049
1048
1048
1048
1046
1046
1046
1045
1045
1044
1044
1044
1044
1043
1043
1043
1042
1042
1041
1041
1041
1041
1040
1039
1038
1038
1037
1037
1036
1036
1035
1035
1035
1035
1034
1034
1034
1034
1033
1032
1031
1031
1031
1031
1029
1029
1029
1028
1028
1028
1027
1027
1026
1026
1026
1026
1025
1025
1025
1025
1024
1024
1024
1024
1023
1023
1023
1022
1022
1021
1021
1021
1020
1020
1020
1020
1019
1019
1019
1019
1018
1017
1017
1017
1017
1016
1016
1015
1015
1015
1015
1013
1013
1012
1012
1012
1012
1012
1011
1011
1010
1010
1010
1010
1010
1009
1009
1009
1009
1009
1008
1008
1008
1008
1008
1008
1007
1006
1005
1005
1004
1003
1002
1001
1001
1001
1001
1001
1000
1000
999
999
999
998
998
997
997
996
996
995
995
995
995
995
995
995
994
992
992
992
991
991
991
991
991
991
990
990
989
989
988
988
988
988
988
988
988
987
987
987
987
987
987
986
986
986
984
984
984
983
983
983
983
983
983
982
982
982
982
981
981
981
980
980
979
979
978
978
977
977
976
976
976
975
974
974
974
974
974
974
974
973
972
972
972
971
971
971
970
970
969
968
968
967
967
967
967
966
966
965
964
964
964
964
964
963
963
963
963
963
963
963
963
963
962
962
961
961
961
960
960
959
959
958
958
958
957
957
957
956
956
956
956
954
954
954
953
953
952
952
951
951
950
949
949
948
948
947
947
946
946
946
946
946
946
945
945
944
944
944
944
943
943
943
942
942
942
942
942
942
941
940
940
939
939
939
939
939
938
937
937
937
936
935
935
935
934
934
934
934
933
933
933
932
932
932
932
932
931
931
930
929
929
929
929
928
928
928
928
928
927
926
926
926
926
925
925
925
925
924
924
924
923
923
923
923
923
922
922
922
921
920
919
919
919
919
919
918
918
917
917
917
916
916
916
916
916
915
915
915
914
914
914
914
914
914
914
914
913
913
913
913
913
913
912
912
912
911
911
911
910
910
910
910
909
909
909
907
907
907
906
906
905
905
905
905
904
903
903
903
902
902
901
901
901
901
901
901
900
900
899
899
899
899
899
897
897
897
897
897
897
897
896
896
896
895
895
895
894
894
894
894
894
894
893
892
892
892
891
891
890
890
890
890
889
888
888
888
887
887
887
886
886
885
885
885
884
883
883
883
882
881
881
880
880
880
880
880
880
880
879
878
878
877
877
877
877
876
876
876
876
875
875
875
874
873
873
873
873
873
872
872
872
871
871
871
871
871
870
870
869
869
869
868
868
868
868
867
866
865
865
865
865
864
864
864
863
863
863
862
861
861
861
861
860
859
859
859
859
858
858
857
857
857
857
856
856
856
856
855
855
855
855
854
854
854
853
853
853
853
852
852
852
851
851
850
850
850
850
850
850
850
850
849
849
848
848
848
847
847
846
846
846
846
845
845
844
844
844
844
843
843
843
841
841
841
841
840
839
839
839
838
838
838
837
837
837
837
837
837
836
836
836
835
835
834
834
834
834
834
833
833
832
832
832
832
832
830
829
828
828
828
827
827
827
827
827
827
827
827
827
826
826
826
826
826
825
825
825
824
824
824
824
824
823
823
823
823
823
823
822
822
822
822
821
820
819
819
818
818
818
817
817
817
817
817
816
816
815
815
814
814
813
813
812
812
811
811
810
809
808
808
805
805
804
804
804
804
803
803
803
803
803
803
802
802
802
802
801
800
799
799
799
798
798
798
797
797
796
796
795
795
795
794
794
794
794
794
794
794
794
793
793
792
791
791
791
791
791
790
790
790
790
790
789
789
788
788
788
788
787
787
787
786
786
786
785
785
785
784
784
784
783
783
783
783
783
783
783
782
781
780
779
779
779
779
779
779
779
778
778
778
777
777
777
777
777
777
777
777
776
776
776
775
775
775
774
774
774
774
773
773
772
771
771
771
770
770
769
768
768
768
767
767
767
767
766
766
766
766
766
766
766
765
765
764
764
763
763
763
762
762
762
762
761
761
761
761
761
760
760
760
759
759
758
757
757
756
756
756
756
756
755
755
755
755
755
755
755
755
755
754
754
753
753
753
753
753
753
752
752
752
752
752
752
751
751
750
750
749
749
748
748
748
747
746
746
745
745
744
744
743
743
742
742
742
742
742
741
741
740
739
739
739
738
738
738
738
738
737
737
737
737
737
737
736
736
736
736
736
735
735
734
734
733
733
733
732
732
732
732
732
731
731
731
730
730
730
730
730
730
729
729
729
729
728
728
728
727
727
727
727
727
726
726
726
726
726
726
726
726
725
724
724
723
723
723
723
722
722
721
721
720
720
719
719
719
719
719
719
718
718
718
718
718
717
717
717
717
716
716
716
715
715
714
714
714
714
714
713
713
713
713
713
712
712
712
712
712
712
712
711
711
711
710
709
709
709
709
708
708
708
707
707
705
705
705
704
704
704
704
704
704
703
702
702
702
701
701
701
701
701
701
700
700
700
700
700
700
698
698
698
698
697
697
697
696
696
696
696
696
695
694
694
694
694
693
693
693
693
693
692
692
692
692
692
692
692
692
691
691
691
691
690
690
689
689
689
688
688
687
687
687
686
686
685
685
685
685
685
684
684
684
684
683
683
683
683
683
683
683
682
682
682
681
681
681
681
681
680
680
680
680
680
680
680
679
678
678
678
678
678
678
678
678
677
677
677
677
677
676
676
675
675
674
674
674
674
674
674
674
674
673
673
673
673
673
673
673
673
673
672
672
672
672
672
672
672
672
672
671
670
670
670
670
670
669
669
669
668
668
668
668
668
667
667
667
667
667
667
666
666
666
666
665
665
665
665
665
664
664
664
663
663
662
662
662
661
661
661
661
661
661
660
660
660
660
660
660
660
660
659
659
659
659
659
659
659
658
658
657
657
657
657
657
657
656
656
656
655
655
655
655
655
654
654
653
653
653
653
652
652
651
651
651
650
650
650
650
650
650
649
649
649
649
649
647
647
647
647
647
647
647
646
646
644
644
644
644
643
643
643
642
642
642
642
641
641
641
640
640
640
640
640
639
639
639
638
638
638
638
637
637
637
637
637
637
636
636
636
636
636
636
636
635
635
635
634
634
633
633
633
633
633
633
632
631
631
631
631
630
630
630
630
630
630
630
630
629
629
628
628
628
628
627
627
627
627
626
626
626
626
626
626
625
625
624
624
624
624
624
624
624
623
623
623
623
622
620
620
619
619
619
619
618
618
618
618
618
617
617
617
617
616
616
615
615
614
614
614
614
614
614
614
613
613
613
613
612
612
612
612
612
612
611
611
611
611
611
610
610
610
610
610
610
609
609
609
609
608
608
608
608
608
608
606
606
606
606
606
606
606
606
605
605
604
604
604
604
604
604
604
604
603
603
603
603
603
603
602
602
602
601
601
600
600
600
600
600
599
599
599
599
599
599
598
598
598
598
598
598
598
597
597
597
597
596
596
595
595
595
595
595
595
594
594
594
594
594
594
592
591
591
591
591
591
591
591
590
590
590
590
590
589
589
589
589
588
588
588
587
587
587
587
586
586
585
585
585
584
584
584
584
584
583
583
583
583
582
582
581
581
581
581
581
581
580
580
579
579
579
579
579
579
579
579
579
578
578
578
578
578
578
577
577
577
577
577
577
577
576
576
576
576
576
575
575
575
575
575
574
574
574
574
574
573
573
573
573
572
572
572
572
571
571
571
571
570
570
570
570
569
569
569
568
568
568
568
567
567
567
567
567
566
566
565
565
565
565
564
564
564
564
564
563
563
563
563
563
563
563
562
562
561
561
561
561
561
561
561
561
560
560
560
560
560
559
559
559
559
559
559
559
558
558
558
558
557
557
557
557
557
557
556
556
556
556
556
555
555
555
555
555
555
554
554
554
554
553
553
553
553
553
553
553
553
553
553
552
552
552
552
552
552
552
552
552
552
551
551
550
550
550
549
549
549
549
549
549
549
548
548
548
548
548
548
548
547
547
547
547
546
546
546
545
545
545
545
545
545
545
545
545
545
544
544
544
544
543
543
543
543
542
542
542
541
541
541
541
541
541
541
541
541
540
540
540
540
540
540
540
539
539
539
539
539
539
539
538
538
537
537
536
536
536
536
536
536
536
536
536
536
536
535
535
535
535
535
535
535
535
535
534
534
534
534
534
534
533
533
533
533
532
532
532
532
532
531
531
531
531
530
530
530
530
530
529
529
529
529
529
529
529
529
529
528
528
528
528
528
528
527
527
527
527
527
527
526
526
526
526
526
525
525
525
524
524
524
524
524
523
523
522
522
522
522
522
522
522
522
522
521
521
521
521
520
520
520
520
519
519
519
519
519
519
519
519
519
519
519
519
518
518
518
517
517
516
516
516
515
514
514
514
514
514
514
514
514
514
513
513
513
512
512
511
511
511
511
510
510
509
509
509
509
509
509
509
509
509
509
509
509
508
508
508
508
508
508
508
507
507
507
507
507
507
506
506
506
506
505
505
505
505
505
505
504
504
504
504
504
504
503
503
503
503
503
502
502
502
502
502
501
501
501
501
501
500
500
500
500
500
500
499
499
499
499
499
499
498
498
498
498
498
498
498
497
497
497
496
496
496
496
496
496
495
495
494
494
494
494
494
494
494
493
493
493
493
493
493
492
491
491
491
491
491
491
491
491
491
491
491
491
490
490
490
490
490
489
488
488
488
488
488
488
488
488
487
487
487
487
487
487
487
487
487
486
486
486
485
485
485
485
485
485
485
484
484
484
484
483
483
483
483
483
483
482
482
482
482
482
481
481
481
480
480
480
480
480
479
479
479
479
479
479
479
478
478
478
478
477
477
477
477
477
477
476
476
476
476
475
475
475
475
475
475
474
474
474
474
474
473
473
473
473
473
473
473
473
472
472
471
471
471
471
470
470
470
470
470
470
470
470
469
469
469
468
468
468
468
468
468
468
468
467
467
467
467
467
466
466
465
465
465
465
465
465
464
464
464
463
463
463
463
463
463
463
462
462
462
462
462
462
461
461
461
460
460
460
460
460
460
460
460
460
460
459
459
459
459
458
458
458
458
458
458
458
457
457
457
457
456
456
456
456
456
456
455
455
455
454
454
454
454
454
454
454
453
453
453
453
453
453
453
453
453
452
452
451
451
451
451
451
451
451
451
451
451
451
451
451
451
451
451
450
450
450
450
450
450
450
449
449
449
449
449
449
449
449
448
448
448
448
448
448
448
447
447
447
446
446
446
446
446
445
445
445
445
445
445
445
444
444
444
444
443
443
443
443
443
443
443
443
443
443
443
443
442
442
442
442
442
442
441
441
441
441
441
440
440
440
440
440
439
439
439
439
439
438
438
438
438
438
438
438
438
438
438
438
437
437
436
436
436
436
436
436
435
435
435
435
434
434
434
434
434
434
434
433
433
433
433
433
433
433
433
433
433
433
432
432
432
432
432
432
432
432
431
431
431
431
431
431
430
430
430
429
429
429
429
429
429
428
428
428
428
428
428
428
428
428
427
427
427
427
427
427
427
427
427
426
426
426
426
426
426
426
426
426
426
426
425
425
425
425
424
424
424
424
424
424
424
423
423
423
423
423
423
423
423
423
423
423
423
422
422
422
422
422
422
422
422
421
421
421
421
421
421
421
421
421
421
421
421
420
420
420
420
420
420
420
420
419
419
419
418
418
418
418
418
418
418
418
417
417
417
417
417
417
416
416
416
416
416
416
416
415
415
415
415
415
415
414
414
414
414
414
414
414
414
413
413
413
413
413
413
413
412
412
412
411
411
411
411
411
410
410
410
410
410
409
409
409
409
409
409
409
409
409
409
408
408
408
408
408
408
408
407
407
407
407
407
407
407
407
407
406
406
406
406
406
406
406
406
405
405
405
405
405
405
404
404
404
404
404
404
404
404
404
403
403
403
403
403
403
403
403
402
402
402
402
402
402
402
402
402
402
402
402
401
401
400
400
400
400
400
400
400
400
400
400
399
399
399
399
399
399
399
399
399
399
398
398
398
398
398
398
397
397
397
397
397
397
397
397
397
397
396
395
395
395
395
395
394
394
394
394
394
394
394
394
394
394
394
393
393
393
393
393
393
393
393
393
393
392
392
392
392
392
392
391
391
391
391
391
391
391
390
390
390
390
389
389
389
389
389
388
388
388
388
388
388
388
388
388
388
388
388
388
387
387
387
387
387
387
387
386
386
386
386
386
386
386
386
385
385
385
385
385
385
385
385
385
385
385
385
384
384
384
383
383
383
383
383
383
383
382
382
382
382
382
382
382
382
382
381
381
381
381
381
381
381
381
380
380
380
380
380
379
379
379
379
379
379
379
379
379
379
379
378
378
378
378
378
378
378
377
377
377
377
377
377
377
377
376
376
376
376
376
376
376
376
376
376
376
375
375
375
375
375
375
375
375
374
374
374
374
374
374
374
373
373
373
373
373
373
373
373
373
372
372
372
372
372
372
372
372
372
372
371
371
371
371
371
371
371
370
370
370
370
369
369
369
369
369
369
369
369
369
369
368
368
368
368
368
368
368
367
367
367
367
367
367
367
366
366
366
366
366
366
366
366
366
366
365
365
365
365
365
365
365
365
365
365
364
364
364
364
364
364
364
364
364
364
364
364
364
364
363
363
363
363
363
363
363
363
363
363
363
363
362
362
362
362
362
362
362
362
362
361
361
361
361
361
360
360
360
360
360
360
360
360
360
360
360
360
360
359
359
359
359
359
359
359
358
358
358
358
358
358
357
357
357
357
357
357
356
356
356
356
356
356
356
355
355
355
355
355
355
355
355
355
355
354
354
354
354
354
354
354
353
353
353
353
353
352
352
352
352
352
352
352
352
352
352
352
351
351
351
351
351
351
351
351
350
350
350
350
350
349
349
349
349
349
349
349
349
349
349
348
348
348
348
348
348
348
348
348
348
348
348
348
347
347
347
347
347
346
346
346
346
346
346
345
345
345
345
345
345
345
345
345
344
344
344
344
344
344
344
344
344
344
343
343
343
343
343
342
342
342
342
342
342
342
342
342
342
342
342
341
341
341
341
340
340
340
340
340
340
340
340
340
339
339
339
339
338
338
338
338
338
338
338
338
337
337
337
337
337
337
337
337
337
336
336
336
336
336
336
336
336
336
336
335
335
335
335
335
335
335
335
335
335
334
334
334
334
334
334
334
334
334
334
334
333
333
333
333
333
333
333
333
333
333
332
332
332
332
332
332
332
331
331
331
331
331
331
331
330
330
330
329
329
329
329
329
329
328
328
328
328
328
328
328
328
328
327
327
327
327
327
327
327
327
327
326
326
326
326
326
326
326
326
326
325
325
325
325
325
325
325
325
325
325
325
324
324
324
324
324
324
324
324
324
324
323
323
323
323
323
323
323
323
323
323
323
322
322
322
322
322
322
321
321
321
321
321
321
320
320
320
320
320
320
320
319
319
319
319
319
319
319
319
319
319
319
319
318
318
318
318
318
318
318
318
318
318
318
317
317
317
317
317
317
317
317
316
316
316
316
316
316
316
316
315
315
315
315
315
315
315
315
314
314
314
314
314
314
314
314
314
314
314
314
314
314
314
313
313
313
313
313
313
313
312
312
312
312
312
311
311
311
311
311
311
310
310
310
310
310
309
309
309
309
309
309
309
309
309
309
309
309
309
308
308
308
308
308
308
308
308
308
308
308
307
307
307
307
307
307
307
307
307
306
306
306
306
305
305
305
305
305
305
305
305
304
304
304
304
304
303
303
303
303
303
303
302
302
302
302
302
302
302
302
302
302
302
302
302
302
301
301
301
301
301
301
301
301
301
301
301
301
301
301
300
300
300
300
300
300
300
300
300
300
299
299
299
299
299
299
299
299
299
299
299
298
298
298
298
298
297
297
297
297
297
297
297
297
297
297
297
297
296
296
296
296
296
296
296
296
296
296
296
296
296
296
296
296
296
296
295
295
295
295
295
295
295
295
295
295
294
294
294
294
294
294
294
294
294
294
294
294
294
294
294
294
293
293
293
293
293
293
293
293
293
293
293
293
293
293
293
293
292
292
292
292
292
292
292
292
291
291
291
291
290
290
290
290
290
289
289
289
289
288
288
288
288
288
288
288
288
288
288
288
288
288
288
287
287
287
287
287
287
287
287
287
287
286
286
286
286
286
286
286
286
286
286
286
286
286
286
285
285
285
285
285
285
285
285
285
284
284
284
284
284
284
284
284
284
284
283
283
283
283
283
283
282
282
282
282
282
282
282
281
281
281
281
281
281
280
280
280
280
280
280
280
280
280
279
279
279
279
279
279
279
279
279
279
278
278
278
278
278
278
278
278
277
277
277
277
277
277
277
277
277
277
277
277
277
276
276
276
276
276
276
276
276
276
276
275
275
275
275
275
275
275
275
275
275
275
274
274
274
274
274
274
274
274
274
274
274
274
274
273
273
273
273
273
273
273
273
272
272
272
272
272
272
272
272
272
271
271
271
271
271
271
271
271
271
271
271
271
271
271
271
270
270
270
270
270
270
270
270
270
270
270
270
270
269
269
269
269
269
269
269
269
269
268
268
268
268
268
268
268
268
268
268
267
267
267
267
267
267
267
267
267
267
267
267
267
266
266
266
266
266
266
266
266
265
265
265
265
265
265
265
265
265
265
265
265
265
265
265
265
265
264
264
264
264
264
264
264
264
264
264
264
263
263
263
263
263
263
263
263
262
262
262
262
262
261
261
261
261
261
261
261
261
260
260
260
260
260
260
260
260
260
259
259
259
259
259
259
259
259
259
259
259
259
259
259
259
259
258
258
258
258
258
258
258
258
258
258
258
257
257
257
257
257
257
257
257
257
257
257
256
256
256
256
256
256
256
256
256
256
256
256
256
256
256
256
256
255
255
255
255
255
255
255
255
255
255
255
255
255
255
255
255
255
254
254
254
254
254
254
254
254
254
253
253
253
253
253
253
253
252
252
252
252
252
252
252
252
252
252
251
251
251
251
251
251
251
250
250
250
250
250
250
250
250
250
249
249
249
249
249
249
249
249
249
249
249
249
249
248
248
248
248
248
248
248
248
248
248
248
247
247
247
247
247
247
247
247
247
246
246
246
246
246
246
246
246
246
246
246
246
246
246
246
246
246
246
245
245
245
245
245
245
245
245
245
244
244
244
244
244
244
244
243
243
243
243
243
243
243
243
243
243
243
242
242
242
242
242
242
242
242
242
241
241
241
241
241
241
241
241
241
241
241
241
240
240
240
240
240
240
240
240
240
240
240
240
240
240
239
239
239
239
239
239
239
239
239
239
239
238
238
238
238
238
238
238
238
238
238
238
238
237
237
237
237
237
237
237
237
237
237
237
237
237
237
237
237
237
236
236
236
236
236
236
236
236
236
236
236
235
235
235
235
235
235
235
235
235
235
235
235
235
235
235
235
234
234
234
234
234
234
233
233
233
233
233
233
233
233
232
232
232
232
232
232
231
231
231
231
231
231
231
231
231
230
230
230
230
230
230
230
230
230
230
230
229
229
229
229
229
229
229
229
229
229
229
229
229
229
229
229
229
229
229
229
229
229
228
228
228
228
228
228
228
228
228
228
228
228
228
227
227
227
227
227
227
227
227
227
227
227
227
227
227
227
227
227
227
227
226
226
226
226
226
226
226
226
226
226
226
226
226
226
226
226
226
226
225
225
225
225
225
225
225
225
225
225
224
224
224
224
224
224
224
224
224
224
224
224
224
224
223
223
223
223
223
223
223
223
223
223
223
223
222
222
222
222
222
222
222
222
222
222
222
222
222
221
221
221
221
221
221
221
221
220
220
220
220
220
220
220
220
220
219
219
219
219
219
219
219
218
218
218
218
218
218
218
218
218
218
217
217
217
217
217
217
217
217
217
217
217
216
216
216
216
216
216
216
215
215
215
215
215
215
215
215
214
214
214
214
214
214
214
214
214
214
214
214
214
214
214
213
213
213
213
213
213
213
213
213
213
213
213
213
213
213
213
213
213
213
213
212
212
212
212
212
212
212
212
212
212
212
212
212
212
212
212
212
211
211
211
211
211
211
211
211
211
211
211
210
210
210
210
210
210
210
210
210
210
210
210
210
210
210
209
209
209
209
209
209
209
209
209
208
208
208
208
208
208
208
208
208
208
208
208
208
208
208
208
208
208
208
207
207
207
207
207
207
207
207
207
207
206
206
206
206
206
206
206
206
206
206
206
206
206
206
206
205
205
205
205
205
205
205
205
205
205
205
205
205
204
204
204
204
204
204
204
204
204
204
204
204
204
204
204
203
203
203
203
203
203
203
203
203
203
202
202
202
202
202
202
202
202
202
202
202
202
202
201
201
201
201
201
201
201
201
201
201
201
201
201
201
200
200
200
200
200
200
200
200
200
200
200
199
199
199
199
199
199
199
199
199
199
199
199
199
198
198
198
198
198
198
198
198
198
198
198
198
197
197
197
197
197
197
197
197
197
197
197
196
196
196
196
196
196
196
196
196
196
196
196
196
195
195
195
195
195
195
195
195
195
195
194
194
194
194
194
194
194
194
194
194
194
194
194
194
194
193
193
193
193
193
193
193
193
193
193
193
193
193
193
193
193
192
192
192
192
192
192
192
192
192
192
192
192
192
192
192
191
191
191
191
191
191
191
191
191
191
191
191
191
191
190
190
190
190
190
190
190
190
190
190
190
190
190
189
189
189
189
189
189
189
189
189
189
189
189
189
189
189
189
189
188
188
188
188
188
188
188
188
188
188
188
188
188
188
187
187
187
187
187
187
187
187
187
187
187
187
187
187
187
187
187
187
187
187
186
186
186
186
186
186
186
186
186
186
186
186
186
186
186
186
185
185
185
185
185
185
185
185
185
185
185
185
185
184
184
184
184
184
184
184
184
184
183
183
183
183
183
183
183
183
183
183
183
182
182
182
182
182
182
182
182
182
182
182
181
181
181
181
181
181
181
181
181
181
180
180
180
180
180
180
180
180
180
180
180
180
180
180
180
180
180
180
180
180
180
179
179
179
179
179
179
179
179
178
178
178
178
178
178
178
178
178
178
177
177
177
177
177
177
177
177
177
177
177
177
177
177
177
177
176
176
176
176
176
176
176
176
176
176
176
176
176
176
176
176
176
176
176
175
175
175
175
175
175
175
175
175
175
175
175
175
175
175
175
175
174
174
174
174
174
174
174
174
174
174
174
173
173
173
173
173
173
173
173
173
173
173
173
173
173
173
173
172
172
172
172
172
172
172
172
172
172
172
172
172
171
171
171
171
171
171
171
171
170
170
170
170
170
170
170
170
170
169
169
169
169
169
169
169
169
169
169
169
168
168
168
168
168
168
168
168
168
168
168
168
168
168
168
168
168
168
168
168
167
167
167
167
167
167
167
167
166
166
166
166
166
166
166
166
166
166
166
166
165
165
165
165
165
165
165
165
165
165
165
164
164
164
164
164
164
164
164
164
164
164
164
164
164
164
164
164
164
164
164
164
164
163
163
163
163
163
163
163
163
163
163
163
163
163
163
163
162
162
162
162
162
162
162
162
162
162
162
162
162
162
162
161
161
161
161
161
161
161
161
161
161
161
161
161
160
160
160
160
160
160
160
160
160
160
160
160
160
160
160
160
160
160
160
160
159
159
159
159
159
159
159
159
159
159
159
159
159
159
158
158
158
158
158
158
158
158
158
158
158
158
158
158
158
158
158
158
157
157
157
157
157
157
157
157
157
157
156
156
156
156
156
156
156
156
156
156
156
156
156
156
156
156
156
156
156
156
155
155
155
155
155
154
154
154
154
154
154
154
154
154
154
153
153
153
153
153
153
153
153
153
153
152
152
152
152
152
152
152
152
152
152
152
152
152
152
152
152
152
152
152
152
151
151
151
151
150
150
150
150
150
150
150
150
150
150
150
150
149
149
149
149
149
149
149
149
149
149
148
148
148
148
148
148
148
148
148
148
148
148
148
148
148
148
148
148
148
148
148
148
148
148
148
148
148
148
148
148
148
148
148
148
148
148
147
147
147
146
146
146
146
146
146
146
145
145
145
145
145
145
145
144
144
144
144
144
144
144
144
144
144
144
144
144
144
144
144
144
144
144
144
144
144
144
144
144
144
144
144
144
144
144
144
144
144
143
143
143
143
142
142
142
142
142
142
142
142
141
141
141
141
140
140
140
140
140
140
140
140
140
140
140
140
140
140
140
140
140
140
140
140
140
140
140
140
140
140
140
140
140
140
140
140
140
140
140
140
140
140
140
140
140
140
140
140
140
140
140
140
139
139
139
139
139
139
139
139
139
139
139
138
138
138
138
137
137
137
137
137
137
137
137
137
137
137
136
136
136
136
136
136
136
136
136
136
136
136
136
136
136
136
136
136
136
136
136
136
136
136
136
136
136
136
136
136
136
136
136
136
136
136
136
136
136
136
135
135
135
135
135
135
135
135
134
134
134
134
134
134
134
133
133
133
133
133
133
133
133
133
133
133
133
133
133
132
132
132
132
132
132
132
132
132
132
132
132
132
132
132
132
132
132
132
132
132
132
132
132
132
132
132
132
132
132
132
132
132
132
132
132
132
132
132
132
132
132
132
132
132
132
132
132
132
132
132
132
132
132
132
132
132
132
132
132
132
132
132
132
132
132
132
132
132
131
131
131
130
130
130
130
130
130
130
130
129
129
129
129
129
129
129
129
128
128
128
128
128
128
128
128
128
128
128
128
128
128
128
128
128
128
128
128
128
128
128
128
128
128
128
128
128
128
128
128
128
128
128
128
128
128
128
128
128
128
128
128
128
128
128
128
128
128
127
127
127
127
127
127
126
126
126
125
125
125
125
125
125
124
124
124
124
124
124
124
124
124
124
124
124
124
124
124
124
124
124
124
124
124
124
124
124
124
124
124
124
124
124
124
124
124
124
124
124
124
124
124
124
124
124
124
124
124
124
124
124
124
124
124
124
124
124
124
124
124
124
124
124
124
124
124
124
124
124
124
124
124
124
124
124
124
124
124
124
124
124
124
124
124
124
124
123
123
123
122
122
122
122
121
121
121
121
121
121
121
121
120
120
120
120
120
120
120
120
120
120
120
120
120
120
120
120
120
120
120
120
120
120
120
120
120
120
120
120
120
120
120
120
120
120
120
120
120
120
120
120
120
120
120
120
120
120
120
120
120
120
120
120
120
120
120
120
120
120
120
120
120
120
120
119
119
119
119
119
118
118
118
118
118
118
118
118
117
117
117
117
117
117
117
117
116
116
116
116
116
116
116
116
116
116
116
116
116
116
116
116
116
116
116
116
116
116
116
116
116
116
116
116
116
116
116
116
116
116
116
116
116
116
116
116
116
116
116
116
116
116
116
116
116
116
116
116
116
116
116
116
116
116
116
116
116
116
116
116
116
116
116
116
116
116
116
116
116
116
115
115
115
115
115
115
114
114
114
114
113
113
113
113
113
112
112
112
112
112
112
112
112
112
112
112
112
112
112
112
112
112
112
112
112
112
112
112
112
112
112
112
112
112
112
112
112
112
112
112
112
112
112
112
112
112
112
112
112
112
112
112
112
112
112
112
112
112
112
112
112
112
112
112
112
112
112
112
112
112
112
112
112
112
112
112
111
111
111
111
110
109
109
109
108
108
108
108
108
108
108
108
108
108
108
108
108
108
108
108
108
108
108
108
108
108
108
108
108
108
108
108
108
108
108
108
108
108
108
108
108
108
108
108
108
108
108
108
108
108
108
108
108
108
108
108
108
108
108
108
108
108
108
108
108
108
107
107
106
106
106
106
105
104
104
104
104
104
104
104
104
104
104
104
104
104
104
104
104
104
104
104
104
104
104
104
104
104
104
104
104
104
104
104
104
104
104
104
104
104
104
104
104
104
104
104
104
104
104
104
104
104
104
104
104
104
104
104
104
104
104
104
104
104
104
104
104
104
104
104
104
104
104
104
104
104
104
104
104
104
104
104
104
104
104
104
104
104
104
104
104
104
104
104
104
104
104
104
103
103
102
102
102
101
100
100
100
100
100
100
100
100
100
100
100
100
100
100
100
100
100
100
100
100
100
100
100
100
100
100
100
100
100
100
100
100
100
100
100
100
100
100
100
100
100
100
100
100
100
100
100
100
100
100
100
100
100
100
100
100
100
100
100
100
100
100
100
100
100
100
100
100
100
100
100
100
100
100
100
100
100
100
100
100
100
100
100
100
100
99
99
99
99
99
98
97
97
96
96
96
96
96
96
96
96
96
96
96
96
96
96
96
96
96
96
96
96
96
96
96
96
96
96
96
96
96
96
96
96
96
96
96
96
96
96
96
96
96
96
96
96
96
96
96
96
96
96
96
96
96
96
96
96
96
96
96
96
96
96
96
96
96
96
96
96
96
96
96
96
96
96
96
96
96
96
96
96
96
96
96
96
96
96
96
96
96
96
96
96
96
96
96
96
96
96
96
96
96
96
96
96
96
96
96
96
96
96
96
96
95
95
95
94
94
93
93
93
92
92
92
92
92
92
92
92
92
92
92
92
92
92
92
92
92
92
92
92
92
92
92
92
92
92
92
92
92
92
92
92
92
92
92
92
92
92
92
92
92
92
92
92
92
92
92
92
92
92
92
92
92
92
92
92
92
92
92
92
92
92
92
92
92
92
92
92
92
92
92
92
92
92
92
92
92
92
92
92
92
92
92
92
92
92
92
92
92
92
92
92
92
92
92
92
92
92
92
92
92
92
92
92
92
92
91
91
91
90
88
88
88
88
88
88
88
88
88
88
88
88
88
88
88
88
88
88
88
88
88
88
88
88
88
88
88
88
88
88
88
88
88
88
88
88
88
88
88
88
88
88
88
88
88
88
88
88
88
88
88
88
88
88
88
88
88
88
88
88
88
88
88
88
88
88
88
88
88
88
88
88
88
88
88
88
88
88
87
87
86
84
84
84
84
84
84
84
84
84
84
84
84
84
84
84
84
84
84
84
84
84
84
84
84
84
84
84
84
84
84
84
84
84
84
84
84
84
84
84
84
84
84
84
84
84
84
84
84
84
84
84
84
84
84
84
84
84
84
84
84
84
84
84
84
84
84
84
84
84
84
83
82
82
82
81
81
81
81
81
80
80
80
80
80
80
80
80
80
80
80
80
80
80
80
80
80
80
80
80
80
80
80
80
80
80
80
80
80
80
80
80
80
80
80
80
80
80
80
80
80
80
80
80
80
80
80
80
80
80
80
80
80
80
80
80
80
80
80
80
80
80
80
80
80
80
80
80
80
80
80
80
80
80
80
80
80
80
80
80
80
80
80
80
80
80
79
77
76
76
76
76
76
76
76
76
76
76
76
76
76
76
76
76
76
76
76
76
76
76
76
76
76
76
76
76
76
76
76
76
76
76
76
76
76
76
76
76
76
76
76
76
76
76
76
76
76
76
76
76
76
76
76
76
76
76
76
76
76
76
76
76
76
76
76
76
76
76
76
76
76
74
74
73
73
73
72
72
72
72
72
72
72
72
72
72
72
72
72
72
72
72
72
72
72
72
72
72
72
72
72
72
72
72
72
72
72
72
72
72
72
72
72
72
72
72
72
72
72
72
72
72
72
72
72
72
72
72
72
72
72
72
72
72
72
72
72
72
72
72
72
72
71
71
68
68
68
68
68
68
68
68
68
68
68
68
68
68
68
68
68
68
68
68
68
68
68
68
68
68
68
68
68
68
68
68
68
68
68
68
68
68
68
68
68
68
68
68
68
68
68
68
68
68
68
68
68
68
68
68
68
68
68
68
68
68
68
68
68
68
68
68
68
68
68
68
68
67
65
64
64
64
64
64
64
64
64
64
64
64
64
64
64
64
64
64
64
64
64
64
64
64
64
64
64
64
64
64
64
64
64
64
64
64
64
64
64
64
64
64
64
64
64
64
64
64
64
64
64
64
64
64
64
64
64
64
64
64
64
64
64
60
60
60
60
60
60
60
60
60
60
60
60
60
60
60
60
60
60
60
60
60
60
60
60
60
60
60
60
60
60
60
60
60
60
60
60
60
60
60
60
60
60
60
60
60
58
56
56
56
56
56
56
56
56
56
56
56
56
56
56
56
56
56
56
56
56
56
56
56
56
56
56
56
56
56
56
56
56
56
56
56
56
56
56
56
56
56
56
56
52
52
52
52
52
52
52
52
52
52
52
52
52
52
52
52
52
52
52
52
52
52
52
52
52
52
52
52
52
52
52
52
52
48
48
48
48
48
48
48
48
48
48
48
48
48
48
48
48
48
48
48
48
48
48
48
48
48
48
48
48
48
48
48
48
46
44
44
44
44
44
44
44
44
44
44
44
44
44
44
44
44
44
44
44
40
40
40
40
40
40
40
40
40
40
40
40
40
40
40
40
40
40
40
40
40
40
40
40
40
40
40
36
36
36
36
36
36
36
36
36
36
36
32
32
32
32
32
32
32
32
32
32
32
32
32
32
32
32
28
28
28
28
28
28
24
24
24
24
24
24
24
24
20
20
20
16
16
16
12
12
12
8
6
4
4
4
4