12963
12863
12659
12641
12493
12305
12272
11691
11642
11608
11447
11436
11140
10822
10705
10664
10660
10641
10473
10472
10433
10321
10306
10302
10256
10129
10123
10023
9967
9921
9907
9616
9493
9449
9364
9317
9285
9221
9218
9176
8913
8831
8805
8784
8575
8547
8539
8468
8347
8342
8321
8274
8186
8149
8066
8057
8051
7934
7850
7836
7829
7828
7823
7785
7739
7729
7658
7588
7448
7397
7302
7245
7164
7160
7120
7066
7044
7002
6987
6974
6897
6897
6817
6807
6768
6768
6746
6657
6639
6456
6366
6293
6224
6210
6119
6095
6076
6061
5997
5995
5989
5983
5959
5914
5873
5869
5854
5726
5710
5624
5612
5604
5542
5509
5493
5446
5432
5362
5361
5313
5301
5300
5259
5213
5145
5132
5100
5093
5033
5029
4986
4953
4948
4939
4920
4840
4835
4819
4816
4791
4764
4752
4744
4735
4726
4690
4680
4666
4666
4655
4553
4519
4513
4506
4460
4442
4398
4397
4378
4377
4342
4336
4332
4328
4292
4290
4269
4267
4260
4245
4237
4229
4212
4199
4196
4196
4179
4175
4166
4162
4159
4159
4147
4137
4136
4130
4084
4079
4040
3999
3998
3984
3970
3966
3952
3946
3941
3923
3918
3911
3891
3884
3884
3860
3858
3843
3835
3811
3806
3766
3759
3745
3722
3716
3714
3710
3690
3690
3689
3687
3683
3679
3667
3656
3610
3605
3593
3589
3570
3550
3510
3483
3482
3469
3455
3445
3435
3430
3428
3424
3409
3407
3401
3400
3381
3354
3349
3345
3326
3318
3317
3308
3304
3304
3288
3286
3282
3276
3266
3260
3255
3230
3225
3219
3217
3197
3189
3188
3156
3155
3150
3144
3142
3137
3121
3104
3100
3092
3092
3092
3088
3053
3032
3028
3025
3020
3007
2965
2965
2963
2961
2960
2953
2953
2946
2945
2942
2938
2933
2910
2899
2899
2883
2871
2868
2866
2853
2849
2847
2842
2842
2822
2794
2794
2793
2787
2777
2776
2760
2750
2741
2737
2737
2735
2725
2711
2710
2705
2691
2671
2668
2662
2648
2645
2645
2638
2637
2636
2635
2625
2619
2619
2616
2611
2595
2594
2593
2592
2582
2581
2569
2563
2557
2546
2544
2544
2542
2537
2528
2525
2523
2523
2511
2508
2500
2483
2482
2469
2463
2459
2455
2449
2447
2443
2441
2440
2435
2435
2428
2426
2426
2425
2408
2407
2401
2396
2390
2380
2367
2363
2358
2356
2353
2349
2341
2336
2335
2328
2328
2323
2319
2315
2313
2311
2310
2310
2305
2289
2286
2283
2282
2279
2278
2266
2265
2265
2259
2258
2257
2250
2226
2210
2209
2201
2187
2179
2175
2173
2171
2169
2164
2134
2131
2124
2120
2111
2100
2087
2085
2084
2077
2076
2076
2075
2069
2059
2052
2050
2045
2043
2036
2032
2027
2026
2025
2025
2021
2021
2011
2010
2009
2003
1996
1996
1990
1984
1982
1982
1982
1980
1979
1975
1974
1972
1966
1958
1953
1950
1948
1945
1944
1944
1917
1913
1913
1912
1909
1907
1900
1899
1897
1896
1896
1896
1892
1892
1891
1890
1890
1886
1868
1858
1847
1846
1843
1836
1832
1830
1829
1828
1828
1822
1808
1805
1804
1802
1802
1801
1798
1791
1787
1786
1786
1782
1779
1779
1775
1774
1766
1765
1763
1763
1761
1761
1754
1752
1751
1750
1749
1748
1747
1743
1743
1741
1738
1737
1731
1727
1726
1723
1719
1714
1713
1709
1704
1698
1693
1692
1692
1691
1690
1687
1686
1684
1683
1683
1682
1675
1673
1672
1671
1671
1668
1662
1660
1654
1648
1638
1637
1621
1621
1619
1618
1617
1615
1613
1613
1610
1605
1604
1600
1600
1597
1596
1596
1595
1590
1590
1587
1585
1585
1584
1582
1576
1568
1567
1566
1566
1565
1563
1561
1561
1560
1559
1557
1556
1556
1554
1554
1550
1548
1547
1546
1544
1540
1539
1539
1533
1532
1531
1531
1530
1530
1529
1528
1527
1526
1522
1521
1520
1518
1517
1512
1511
1511
1510
1509
1502
1501
1499
1497
1495
1493
1488
1487
1487
1487
1484
1484
1483
1482
1479
1478
1477
1476
1471
1471
1467
1463
1462
1462
1462
1458
1455
1452
1449
1448
1447
1446
1446
1446
1445
1442
1440
1440
1438
1436
1435
1432
1431
1431
1431
1428
1426
1423
1422
1420
1420
1420
1418
1415
1415
1413
1412
1406
1400
1399
1398
1398
1397
1395
1392
1391
1386
1383
1382
1380
1376
1375
1373
1370
1369
1367
1366
1366
1365
1365
1363
1361
1357
1357
1355
1353
1352
1351
1350
1349
1342
1338
1338
1337
1333
1332
1330
1329
1328
1327
1326
1326
1325
1325
1322
1321
1319
1316
1315
1312
1311
1307
1307
1305
1303
1302
1301
1300
1300
1300
1298
1296
1295
1293
1293
1292
1292
1289
1289
1283
1282
1282
1281
1280
1279
1276
1275
1274
1271
1266
1265
1262
1262
1261
1257
1256
1256
1253
1253
1253
1250
1250
1249
1248
1243
1243
1243
1243
1241
1239
1237
1236
1235
1235
1233
1230
1230
1228
1226
1224
1223
1223
1223
1222
1222
1222
1221
1220
1218
1216
1214
1213
1213
1212
1211
1209
1202
1198
1197
1196
1195
1193
1192
1191
1191
1189
1186
1185
1184
1183
1182
1182
1181
1181
1180
1180
1177
1176
1174
1173
1173
1172
1170
1167
1166
1165
1163
1163
1159
1158
1158
1157
1154
1154
1149
1148
1146
1145
1142
1139
1138
1138
1136
1135
1134
1134
1130
1129
1128
1124
1124
1124
1124
1123
1123
1122
1121
1118
1117
1117
1117
1115
1114
1110
1110
1110
1110
1108
1107
1106
1106
1105
1103
1102
1101
1098
1098
1098
1098
1096
1096
1095
1094
1093
1093
1091
1091
1090
1090
1090
1087
1086
1085
1084
1084
1080
1079
1079
1077
1075
1075
1073
1073
1072
1071
1069
1068
1068
1065
1065
1064
1064
1064
1064
1063
1060
1060
1060
1057
1057
1055
1054
1054
1054
1054
1053
1052
1051
1049
1048
1047
1047
1047
1046
1045
1045
1043
1042
1040
1039
1039
1039
1039
1038
1037
1037
1036
1035
1031
1027
1027
1026
1026
1024
1024
1023
1023
1023
1022
1022
1021
1021
1021
1019
1017
1017
1016
1015
1015
1015
1014
1013
1013
1012
1010
1009
1007
1006
1003
1003
1003
1001
998
997
997
996
995
995
994
994
993
993
993
991
991
991
990
986
985
984
983
982
981
981
980
979
977
976
973
971
969
969
968
966
966
965
964
964
963
962
961
961
960
959
957
957
957
957
956
956
954
954
954
952
952
951
950
948
947
947
946
945
945
945
945
945
940
940
939
938
938
937
937
936
935
935
932
932
930
928
927
927
923
923
919
919
918
918
917
916
916
914
914
912
911
911
911
911
910
910
910
910
907
906
905
905
903
903
903
902
901
900
900
898
898
897
895
895
895
895
894
893
892
891
891
890
889
888
888
887
887
885
883
882
880
879
877
877
877
875
875
875
874
872
871
869
867
867
866
866
865
865
864
863
863
862
862
861
860
859
857
855
855
855
855
854
854
854
854
854
852
851
850
849
849
849
848
846
846
846
845
843
840
838
837
836
836
836
836
836
835
835
835
833
833
832
831
830
830
830
830
829
828
827
827
825
824
824
824
823
823
823
823
821
820
820
820
820
819
819
817
817
816
816
816
815
815
815
814
814
814
814
812
811
810
810
809
808
808
807
806
805
804
803
803
803
803
802
802
802
802
801
801
801
800
799
799
799
799
799
798
798
797
796
794
794
792
792
792
792
791
791
790
790
790
790
788
788
787
787
787
787
785
785
784
784
784
783
781
780
780
779
778
777
777
776
776
775
775
775
774
774
772
770
769
769
768
767
766
766
766
764
764
763
763
761
761
758
758
757
757
757
757
756
756
756
756
754
753
753
753
753
753
752
752
751
750
749
749
749
748
748
746
746
745
744
744
743
743
743
742
741
741
740
740
739
739
738
738
737
737
736
736
735
735
734
734
733
733
732
732
730
730
730
730
729
729
729
729
727
727
727
727
726
726
726
726
725
725
724
724
724
723
723
723
722
722
722
722
722
721
721
721
721
720
720
720
719
717
717
717
716
716
715
715
715
714
714
714
714
713
713
713
712
710
710
709
709
708
708
708
707
707
707
706
706
706
705
705
704
703
703
701
701
700
700
699
699
698
698
698
697
696
696
695
695
695
695
693
693
693
692
692
692
690
690
689
689
688
688
686
686
685
684
684
684
682
682
682
682
681
681
681
680
680
680
680
680
680
679
678
678
678
677
676
676
676
675
675
674
674
674
672
671
671
671
671
670
669
669
668
666
666
666
666
665
665
665
664
664
664
664
663
663
662
661
661
660
660
660
659
658
658
658
657
657
656
653
652
652
652
652
651
651
651
650
650
649
649
649
648
648
648
647
647
647
647
646
645
645
645
645
644
644
644
643
643
642
642
642
641
641
640
639
639
638
638
638
637
637
636
636
636
636
635
635
635
634
634
634
634
633
633
631
631
631
631
630
630
629
629
629
629
629
629
628
628
628
627
626
626
626
625
625
624
624
624
624
624
624
624
624
623
623
622
622
621
621
620
620
619
619
617
616
616
616
615
615
615
614
614
613
613
613
613
612
612
612
612
611
611
611
611
611
610
609
609
609
609
608
608
607
607
606
606
605
605
605
605
605
604
603
603
602
602
602
601
600
600
600
599
599
598
598
598
597
597
596
596
596
596
596
595
595
595
595
594
594
593
593
593
592
592
592
592
592
591
591
591
591
590
590
590
589
589
588
588
587
587
586
586
586
584
584
584
584
583
582
581
581
581
580
580
580
578
578
577
577
577
576
575
575
574
573
573
573
573
573
572
572
571
571
570
570
570
569
569
569
569
568
568
568
568
568
567
566
566
566
565
565
564
564
564
564
564
563
563
563
562
562
562
562
560
560
560
560
559
559
559
559
559
559
559
558
558
558
558
557
557
557
557
556
556
555
555
555
555
555
555
555
555
555
554
554
554
553
553
553
553
553
552
552
551
550
550
549
549
548
548
548
548
548
548
547
547
547
547
547
546
546
546
546
545
545
544
544
543
543
542
542
542
542
542
541
541
541
540
540
539
539
539
538
538
538
537
537
537
537
536
535
535
535
535
535
535
534
534
534
534
534
534
533
532
532
532
532
532
531
531
531
531
531
531
530
529
529
528
528
528
528
528
528
527
527
526
526
526
526
525
525
524
524
524
524
524
524
523
523
523
523
523
522
522
522
522
522
521
520
520
520
520
520
519
519
519
519
519
519
519
519
518
518
517
517
517
516
516
516
516
516
516
515
515
515
515
514
514
514
514
513
513
513
512
512
512
512
512
511
511
510
510
510
510
510
509
509
509
508
508
508
508
507
507
507
506
506
506
506
506
505
505
505
504
504
503
503
503
502
502
502
502
502
502
501
501
501
501
501
501
501
500
500
500
500
500
500
499
499
499
499
499
499
499
499
499
498
498
498
497
497
497
497
497
497
497
496
495
495
495
494
494
494
493
493
493
493
493
493
492
492
492
491
491
491
491
491
491
491
491
491
490
490
490
490
490
489
489
488
488
488
487
487
487
487
486
486
486
486
485
485
485
485
485
484
484
484
484
483
483
483
483
483
483
483
482
482
482
482
482
482
482
481
481
481
481
481
481
481
480
480
480
480
479
479
479
479
478
478
478
477
477
477
477
476
476
476
475
475
475
475
475
475
475
475
474
474
474
473
473
473
473
472
472
472
472
471
471
471
471
471
471
470
470
470
470
469
469
469
469
469
469
469
468
468
468
467
467
467
467
467
465
465
464
464
464
464
464
463
463
463
462
462
462
462
462
462
462
462
461
461
461
461
461
461
460
460
459
459
459
459
458
458
458
458
457
457
457
457
456
456
456
456
456
455
454
454
454
454
454
454
454
454
454
454
453
453
453
453
453
453
453
453
453
452
452
452
452
452
452
451
451
451
451
451
451
450
450
450
450
450
450
449
449
449
449
449
449
449
449
448
448
448
447
447
447
447
447
447
447
447
446
446
446
446
446
445
445
445
445
445
444
444
444
444
444
444
443
443
443
443
443
443
443
443
443
442
442
442
442
442
442
441
441
441
441
441
441
441
440
440
440
440
439
439
439
439
439
438
438
438
438
438
438
438
437
437
437
437
437
437
437
437
437
437
437
436
436
436
436
436
436
436
436
435
435
435
434
434
434
434
434
434
433
433
433
433
433
432
432
432
431
431
431
430
430
430
430
430
429
429
429
429
429
429
428
428
428
427
427
427
427
427
427
427
427
426
426
426
426
425
425
425
425
425
425
425
425
424
424
423
423
423
423
423
423
423
423
423
422
422
422
422
421
421
421
421
421
420
420
420
420
420
420
419
419
419
419
419
418
418
418
418
417
417
417
417
417
417
416
416
416
416
416
416
416
415
415
415
415
414
414
413
413
413
413
413
413
413
413
412
412
412
412
411
411
411
411
410
410
410
410
410
410
410
410
409
409
409
409
409
409
409
408
408
408
408
408
408
407
407
407
407
407
407
407
406
406
406
406
406
406
406
406
405
405
405
404
403
403
403
403
403
403
402
402
402
402
402
401
401
401
401
400
400
400
400
400
399
399
399
399
399
399
399
399
398
398
398
398
398
398
397
397
397
397
397
397
397
397
397
396
396
396
396
395
395
395
395
395
395
394
394
394
394
394
394
394
393
393
392
392
392
391
391
391
391
391
391
391
390
390
390
390
390
390
390
390
389
389
389
389
389
388
388
388
388
388
387
387
387
387
387
387
387
387
386
386
386
385
385
385
385
385
385
385
385
385
385
384
384
384
384
384
384
384
383
383
383
383
383
383
382
382
382
382
382
382
381
381
381
381
381
381
380
380
380
380
380
380
380
380
380
379
379
379
379
379
379
379
379
378
378
378
378
378
378
377
377
377
377
377
377
377
376
376
376
376
376
376
376
375
375
375
375
374
374
374
374
374
374
374
373
373
373
372
372
372
372
372
372
372
372
372
372
371
371
371
371
371
371
370
370
370
370
370
370
370
369
369
369
369
369
369
369
368
368
368
368
368
367
367
367
367
367
367
366
366
366
366
366
366
366
365
365
365
365
365
364
364
364
364
364
364
364
364
364
363
363
363
363
363
362
362
362
362
361
361
361
361
360
360
360
360
360
360
360
360
360
359
359
359
359
359
359
359
358
358
358
358
358
358
358
357
357
357
357
357
357
357
357
357
356
356
356
356
356
356
356
356
355
355
355
355
355
355
355
354
354
354
354
354
354
353
353
353
353
352
352
352
351
351
351
351
351
351
351
351
350
350
350
350
350
350
350
349
349
349
349
349
349
348
348
348
348
348
348
348
348
348
347
347
347
347
347
347
346
346
346
346
346
346
346
346
346
345
345
345
345
345
345
345
345
345
345
344
344
344
344
344
344
344
344
344
343
343
343
343
343
343
343
343
343
342
342
342
342
342
342
342
342
341
340
340
340
340
340
340
340
340
340
340
340
340
340
340
339
339
339
339
339
339
339
339
339
339
339
339
338
338
338
338
338
338
338
338
337
337
337
337
337
336
336
336
336
335
335
335
335
335
335
334
334
334
334
334
334
334
334
334
334
334
334
334
333
333
333
333
333
333
333
333
333
332
332
332
332
332
332
332
332
331
331
331
331
331
331
331
331
331
331
331
330
330
330
330
330
330
330
329
329
329
329
329
329
329
328
328
328
328
328
328
328
328
328
327
327
327
327
327
327
326
326
326
326
326
326
325
325
325
324
324
324
324
324
324
323
323
323
323
323
323
323
323
323
323
323
323
322
322
322
322
322
322
322
322
322
321
321
321
321
321
321
321
320
320
320
320
320
320
320
320
320
319
319
319
319
319
319
319
319
319
319
319
319
318
318
318
318
318
318
318
318
318
318
318
318
317
317
317
317
317
317
316
316
316
316
316
315
315
315
315
315
315
315
315
315
315
314
314
314
314
314
314
314
314
314
313
313
313
313
313
313
313
313
313
313
312
312
312
312
312
312
312
311
311
311
311
311
311
311
311
311
311
311
311
311
310
310
310
310
310
310
310
310
309
309
309
309
309
309
309
309
309
309
309
308
308
308
308
308
308
308
308
308
308
308
308
308
307
307
307
307
307
307
307
307
307
306
306
306
305
305
305
305
305
305
305
305
305
305
304
304
304
304
304
304
304
304
304
303
303
303
303
303
303
303
303
302
302
302
302
302
302
302
302
302
302
302
302
302
301
301
301
301
301
301
301
301
300
300
300
300
300
300
300
300
299
299
299
299
299
298
298
298
298
298
298
298
297
297
297
297
297
297
297
297
297
297
297
297
296
296
296
296
296
296
295
295
295
295
295
295
295
294
294
294
294
294
294
294
294
294
294
294
293
293
293
293
293
293
293
293
293
293
293
293
293
293
293
293
293
293
292
292
292
292
292
292
291
291
291
291
291
291
291
291
291
291
290
290
290
290
290
290
290
290
290
290
290
289
289
289
289
289
289
289
289
288
288
288
288
287
287
287
287
287
287
287
287
287
287
286
286
286
286
286
286
286
286
286
286
286
286
285
285
285
285
284
284
284
284
284
284
284
284
284
284
284
284
284
284
284
284
283
283
283
283
283
283
283
283
283
283
283
283
282
282
282
282
282
282
282
282
282
281
281
281
281
281
281
281
281
281
281
280
280
280
280
280
280
280
280
280
280
280
280
280
279
279
279
279
279
279
279
279
279
279
279
279
279
278
278
278
278
278
278
278
277
277
277
277
277
277
277
277
277
277
277
277
276
276
276
276
276
275
275
275
275
275
275
275
275
274
274
274
274
274
274
274
274
274
273
273
273
273
273
273
273
273
273
273
272
272
272
272
272
272
272
272
272
272
271
271
271
271
271
271
271
271
271
271
271
271
271
271
270
270
270
270
270
269
269
269
269
269
269
269
269
269
269
269
269
269
269
268
268
268
268
268
268
268
268
268
268
268
268
267
267
267
267
267
267
267
267
267
267
267
267
267
267
267
267
267
267
267
266
266
266
266
266
266
266
266
266
266
266
266
266
266
265
265
265
265
265
265
265
265
265
265
265
265
264
264
264
264
264
264
264
264
264
264
264
264
264
263
263
263
263
263
263
263
263
263
262
262
262
262
262
262
262
262
262
262
262
261
261
261
261
261
261
261
261
261
261
261
261
261
261
260
260
260
260
260
260
260
260
260
259
259
259
259
259
259
259
259
259
259
259
258
258
258
258
258
258
258
258
258
258
258
257
257
257
257
257
257
257
257
257
257
257
257
256
256
256
256
256
256
256
256
256
256
256
255
255
255
255
255
255
255
255
255
255
254
254
254
254
254
254
254
254
254
254
254
254
254
254
253
253
253
253
253
253
253
253
253
253
253
253
253
253
252
252
252
252
252
252
251
251
251
251
251
251
251
251
250
250
250
250
250
250
250
250
250
249
249
249
249
249
249
249
249
249
249
249
249
249
249
249
249
249
249
249
248
248
248
248
248
248
248
248
248
248
248
248
248
248
247
247
247
247
247
247
247
247
247
247
247
246
246
246
246
246
246
246
246
246
246
246
246
246
245
245
245
245
245
245
245
245
245
245
245
245
245
245
245
245
245
245
244
244
244
244
244
244
244
243
243
243
243
243
243
243
243
242
242
242
242
242
242
242
242
242
242
242
242
242
242
242
242
241
241
241
241
241
241
241
241
241
241
241
241
241
241
241
241
241
240
240
240
240
240
240
240
240
240
240
240
240
240
240
240
240
240
240
239
239
239
239
239
239
239
239
239
239
239
239
239
239
239
239
239
239
239
239
238
238
238
238
238
238
238
238
238
238
237
237
237
237
237
237
237
237
237
237
237
237
237
237
237
237
237
237
237
237
237
236
236
236
236
236
236
236
236
236
236
236
236
236
235
235
235
235
235
235
235
235
235
235
235
235
235
235
234
234
234
234
234
234
234
234
234
233
233
233
233
233
233
233
233
233
233
233
233
233
233
233
233
232
232
232
232
232
232
232
232
232
232
232
232
232
232
232
232
231
231
231
231
231
231
231
231
231
231
231
231
231
231
231
231
231
231
230
230
230
230
230
230
230
230
230
230
230
230
230
230
230
230
230
229
229
229
229
229
229
229
229
229
229
229
229
229
229
229
229
229
228
228
228
228
228
228
228
228
228
228
228
228
228
228
227
227
227
227
227
227
227
227
227
227
227
227
227
226
226
226
226
226
226
226
226
226
226
226
226
226
226
225
225
225
225
225
225
225
224
224
224
224
224
224
224
224
224
224
224
224
224
224
224
224
223
223
223
223
223
223
223
223
223
223
223
223
223
222
222
222
222
222
222
222
222
222
222
221
221
221
221
221
221
221
221
221
221
221
221
221
221
221
221
221
221
221
221
221
220
220
220
220
220
220
220
220
220
220
220
220
220
220
220
220
220
220
220
220
220
219
219
219
219
219
219
219
219
219
219
219
219
219
219
219
218
218
218
218
218
218
218
218
218
218
218
218
218
217
217
217
217
217
217
217
217
217
217
217
217
217
217
217
217
216
216
216
216
216
216
216
216
216
216
216
216
216
216
216
216
216
215
215
215
215
215
215
215
215
215
215
215
215
215
215
215
215
215
215
215
214
214
214
214
214
214
214
214
214
214
214
214
214
214
214
214
214
214
214
214
213
213
213
213
213
213
213
213
213
213
213
213
213
213
212
212
212
212
212
212
212
212
212
212
212
212
212
212
212
212
212
212
212
212
212
212
212
212
211
211
211
211
211
211
211
211
211
211
211
211
211
211
211
210
210
210
210
210
210
210
210
210
210
210
210
210
210
210
209
209
209
209
209
209
209
209
209
209
209
209
209
209
209
209
209
208
208
208
208
208
208
208
208
208
208
208
208
208
208
208
208
208
208
207
207
207
207
207
207
207
207
207
207
207
207
207
207
207
207
207
207
207
207
207
207
206
206
206
206
206
206
206
206
206
206
206
206
206
206
205
205
205
205
205
205
205
205
205
205
205
205
205
205
205
205
205
205
205
205
204
204
204
204
204
204
204
204
204
204
204
204
204
204
204
204
204
204
204
204
204
204
204
204
203
203
203
203
203
203
203
203
202
202
202
202
202
202
202
202
202
202
202
202
202
202
201
201
201
201
201
201
201
201
201
201
201
201
201
201
201
201
201
201
200
200
200
200
200
200
200
200
200
200
200
200
200
200
200
200
200
200
200
200
200
200
200
200
200
199
199
199
199
199
199
199
199
199
199
199
199
199
199
199
199
199
199
199
199
198
198
198
198
198
198
198
198
198
197
197
197
197
197
197
197
197
197
197
197
197
197
197
197
197
197
197
196
196
196
196
196
196
196
196
196
196
196
196
196
196
196
196
195
195
195
195
195
195
195
195
195
195
195
195
195
194
194
194
194
194
194
194
194
194
194
194
194
194
194
194
194
194
194
194
194
194
193
193
193
193
193
193
193
193
193
193
193
193
193
193
193
193
193
192
192
192
192
192
192
192
192
192
192
192
192
192
192
192
192
192
192
192
192
192
192
192
192
192
192
192
192
192
192
191
191
191
191
191
191
191
191
191
191
191
191
191
191
191
191
191
190
190
190
190
190
190
190
190
190
190
190
190
190
190
190
189
189
189
189
189
189
189
189
189
189
189
189
189
189
189
189
189
189
189
189
189
189
189
188
188
188
188
188
188
188
188
188
188
188
188
188
188
188
188
188
188
188
188
187
187
187
187
187
187
187
187
187
187
187
187
186
186
186
186
186
186
186
186
186
186
186
186
186
186
186
186
186
186
185
185
185
185
185
185
185
185
185
185
185
185
185
185
185
185
185
185
185
185
184
184
184
184
184
184
184
184
184
184
184
184
184
184
184
184
184
184
184
184
184
184
184
184
184
184
184
183
183
183
183
183
183
183
183
183
183
183
183
183
183
183
182
182
182
182
182
182
182
182
182
182
182
182
182
182
182
182
182
182
182
182
181
181
181
181
181
181
181
181
181
181
181
181
181
181
181
181
181
181
180
180
180
180
180
180
180
180
180
180
180
180
180
180
180
180
180
180
180
180
180
180
180
179
179
179
179
179
179
179
179
179
179
179
179
179
179
179
178
178
178
178
178
178
178
178
178
178
178
178
178
178
178
178
178
178
178
178
178
178
177
177
177
177
177
177
177
177
177
177
177
177
177
177
177
177
177
177
177
177
177
176
176
176
176
176
176
176
176
176
176
176
176
176
176
176
176
176
176
176
176
176
176
176
176
175
175
175
175
175
175
175
175
175
175
175
175
175
175
175
175
175
175
175
175
174
174
174
174
174
174
174
174
174
174
174
174
174
174
174
174
174
174
173
173
173
173
173
173
173
173
173
173
173
173
173
173
173
173
173
173
173
173
173
173
172
172
172
172
172
172
172
172
172
172
172
172
172
172
172
172
172
172
172
172
172
172
172
172
172
172
172
171
171
171
171
171
171
171
171
171
171
171
171
171
171
171
171
171
171
171
170
170
170
170
170
170
170
170
170
170
170
170
170
170
170
170
170
170
170
170
170
170
170
170
170
170
170
170
170
169
169
169
169
169
169
169
169
169
169
169
169
169
169
169
169
169
169
169
169
168
168
168
168
168
168
168
168
168
168
168
168
168
168
168
167
167
167
167
167
167
167
167
167
167
167
167
167
167
167
167
167
167
167
167
167
167
167
167
167
167
166
166
166
166
166
166
166
166
166
166
166
166
166
166
165
165
165
165
165
165
165
165
165
165
165
165
165
165
165
165
165
165
165
165
165
165
164
164
164
164
164
164
164
164
164
164
164
164
164
164
164
164
164
164
164
164
164
164
164
164
164
163
163
163
163
163
163
163
163
163
163
163
163
163
163
163
163
163
163
163
163
163
163
163
163
163
163
163
162
162
162
162
162
162
162
162
162
162
162
162
162
162
162
162
162
162
162
162
162
162
162
162
162
162
161
161
161
161
161
161
161
161
161
161
161
161
161
161
161
161
161
161
160
160
160
160
160
160
160
160
160
160
160
160
160
160
160
160
160
160
160
160
160
159
159
159
159
159
159
159
159
159
159
159
159
159
159
159
159
159
159
158
158
158
158
158
158
158
158
158
158
158
158
158
158
158
158
158
158
158
158
158
158
158
157
157
157
157
157
157
157
157
157
157
157
157
157
157
157
157
157
157
157
157
157
157
157
157
156
156
156
156
156
156
156
156
156
156
156
156
156
156
156
156
156
156
156
156
156
156
156
156
156
156
155
155
155
155
155
155
155
155
155
155
155
155
155
155
155
155
155
155
155
155
155
155
155
154
154
154
154
154
154
154
154
154
154
154
154
154
154
154
154
154
154
154
154
154
154
154
154
154
154
154
154
154
153
153
153
153
153
153
153
153
153
153
153
153
153
153
153
153
153
153
152
152
152
152
152
152
152
152
152
152
152
152
152
152
152
152
152
152
152
152
152
152
152
152
152
152
152
152
152
152
152
152
152
152
151
151
151
151
151
151
151
151
151
151
151
151
151
151
151
151
151
151
151
151
151
150
150
150
150
150
150
150
150
150
150
150
150
150
150
150
150
150
150
150
150
149
149
149
149
149
149
149
149
149
149
149
149
149
149
149
149
149
149
149
149
149
148
148
148
148
148
148
148
148
148
148
148
148
148
148
148
148
148
148
148
148
148
148
148
148
148
148
148
148
148
147
147
147
147
147
147
147
147
147
147
147
147
147
147
147
147
147
147
147
147
147
147
147
147
147
146
146
146
146
146
146
146
146
146
146
146
146
146
146
146
146
146
146
146
146
146
146
146
145
145
145
145
145
145
145
145
145
145
145
145
145
145
145
145
145
145
145
145
145
145
145
145
145
145
145
145
144
144
144
144
144
144
144
144
144
144
144
144
144
144
144
144
144
144
144
144
144
144
144
143
143
143
143
143
143
143
143
143
143
143
143
143
143
143
143
143
143
143
143
143
143
143
142
142
142
142
142
142
142
142
142
142
142
142
142
142
142
142
142
142
142
142
142
142
142
142
142
142
142
142
142
142
142
141
141
141
141
141
141
141
141
141
141
141
141
141
141
141
141
141
141
141
141
141
141
141
141
141
141
141
141
140
140
140
140
140
140
140
140
140
140
140
140
140
140
140
140
140
140
140
140
140
140
140
140
140
140
140
140
140
140
140
140
140
140
140
140
140
140
139
139
139
139
139
139
139
139
139
139
139
139
139
139
139
139
139
139
139
139
139
139
139
139
139
139
139
139
139
139
139
139
139
139
139
139
139
139
138
138
138
138
138
138
138
138
138
138
138
138
138
138
138
138
138
138
138
138
138
138
138
138
138
138
138
138
138
138
138
137
137
137
137
137
137
137
137
137
137
137
137
137
137
137
137
137
137
137
137
137
137
137
137
137
137
137
137
137
137
136
136
136
136
136
136
136
136
136
136
136
136
136
136
136
136
136
136
136
136
136
136
136
136
135
135
135
135
135
135
135
135
135
135
135
135
135
135
135
135
135
135
135
135
135
135
135
135
135
135
135
135
135
134
134
134
134
134
134
134
134
134
134
134
134
134
134
134
134
134
134
134
134
134
134
134
134
134
134
134
134
134
134
134
134
133
133
133
133
133
133
133
133
133
133
133
133
133
133
133
133
133
133
133
133
133
133
132
132
132
132
132
132
132
132
132
132
132
132
132
132
132
132
132
132
132
132
132
132
132
132
132
132
132
132
132
132
132
132
132
132
132
131
131
131
131
131
131
131
131
131
131
131
131
131
131
131
131
131
131
131
131
131
131
131
131
131
131
131
131
131
130
130
130
130
130
130
130
130
130
130
130
130
130
130
130
130
130
130
130
130
130
130
130
130
130
130
130
130
130
130
129
129
129
129
129
129
129
129
129
129
129
129
129
129
129
129
129
129
129
129
129
129
129
129
129
129
129
129
129
129
129
129
129
129
129
129
129
129
129
128
128
128
128
128
128
128
128
128
128
128
128
128
128
128
128
128
128
128
128
128
128
128
128
128
128
128
128
128
128
128
128
128
128
127
127
127
127
127
127
127
127
127
127
127
127
127
127
127
127
127
127
127
127
127
127
127
127
127
127
127
127
127
127
127
127
127
127
126
126
126
126
126
126
126
126
126
126
126
126
126
126
126
126
126
126
126
126
126
126
126
126
126
126
125
125
125
125
125
125
125
125
125
125
125
125
125
125
125
125
125
125
125
125
125
125
125
125
125
124
124
124
124
124
124
124
124
124
124
124
124
124
124
124
124
124
124
124
124
124
124
124
124
124
124
124
124
124
124
124
124
124
124
124
124
123
123
123
123
123
123
123
123
123
123
123
123
123
123
123
123
123
123
123
123
123
123
123
123
123
123
123
123
123
123
123
123
123
122
122
122
122
122
122
122
122
122
122
122
122
122
122
122
122
122
122
122
122
122
122
122
122
122
122
122
122
122
122
122
122
122
121
121
121
121
121
121
121
121
121
121
121
121
121
121
121
121
121
121
121
121
121
121
121
121
121
121
121
121
121
121
121
121
121
121
121
121
121
121
120
120
120
120
120
120
120
120
120
120
120
120
120
120
120
120
120
120
120
120
120
120
120
120
120
120
120
120
120
120
120
120
120
119
119
119
119
119
119
119
119
119
119
119
119
119
119
119
119
119
119
119
119
119
119
119
119
119
119
119
119
119
119
119
119
119
119
119
118
118
118
118
118
118
118
118
118
118
118
118
118
118
118
118
118
118
118
118
118
118
118
118
117
117
117
117
117
117
117
117
117
117
117
117
117
117
117
117
117
117
117
117
117
117
117
117
117
117
117
117
117
117
117
117
117
117
117
117
117
116
116
116
116
116
116
116
116
116
116
116
116
116
116
116
116
116
116
116
116
116
116
116
116
116
115
115
115
115
115
115
115
115
115
115
115
115
115
115
115
115
115
115
115
115
115
115
115
115
115
115
115
115
114
114
114
114
114
114
114
114
114
114
114
114
114
114
114
114
114
114
114
114
114
114
114
114
114
114
114
113
113
113
113
113
113
113
113
113
113
113
113
113
113
113
113
113
113
113
113
113
113
113
113
113
113
113
113
113
113
113
113
113
113
113
113
113
113
113
113
113
113
112
112
112
112
112
112
112
112
112
112
112
112
112
112
112
112
112
112
112
112
112
112
112
112
112
112
112
112
112
112
112
112
112
112
112
111
111
111
111
111
111
111
111
111
111
111
111
111
111
111
111
111
111
111
111
111
111
111
111
111
111
111
111
111
111
111
111
111
111
111
110
110
110
110
110
110
110
110
110
110
110
110
110
110
110
110
110
110
110
110
110
110
110
110
110
110
110
110
110
110
110
110
110
110
110
109
109
109
109
109
109
109
109
109
109
109
109
109
109
109
109
109
109
109
109
109
109
109
109
109
109
109
109
109
109
109
109
109
109
109
109
109
109
109
109
109
108
108
108
108
108
108
108
108
108
108
108
108
108
108
108
108
108
108
108
108
108
108
108
108
108
108
108
108
108
108
108
108
108
108
108
108
108
107
107
107
107
107
107
107
107
107
107
107
107
107
107
107
107
107
107
107
107
107
107
107
107
107
107
107
107
107
107
107
107
106
106
106
106
106
106
106
106
106
106
106
106
106
106
106
106
106
106
106
106
106
106
106
106
106
106
106
106
106
106
106
106
106
106
106
106
106
106
106
106
106
106
106
105
105
105
105
105
105
105
105
105
105
105
105
105
105
105
105
105
105
105
105
105
105
105
105
105
105
105
105
105
105
105
105
105
105
105
105
105
105
105
105
105
105
104
104
104
104
104
104
104
104
104
104
104
104
104
104
104
104
104
104
104
104
104
104
104
104
104
104
104
104
104
104
104
104
104
104
104
104
104
104
104
104
104
104
104
104
104
104
104
103
103
103
103
103
103
103
103
103
103
103
103
103
103
103
103
103
103
103
103
103
103
103
103
103
103
103
103
103
103
103
103
103
103
103
103
103
103
103
103
103
102
102
102
102
102
102
102
102
102
102
102
102
102
102
102
102
102
102
102
102
102
102
102
102
102
102
102
102
102
102
102
102
102
102
102
102
102
102
102
102
102
102
102
102
102
101
101
101
101
101
101
101
101
101
101
101
101
101
101
101
101
101
101
101
101
101
101
101
101
101
101
101
101
101
101
101
101
100
100
100
100
100
100
100
100
100
100
100
100
100
100
100
100
100
100
100
100
100
100
100
100
100
100
100
100
100
100
100
100
100
100
100
100
100
100
100
100
100
100
100
100
100
100
100
100
100
100
100
100
99
99
99
99
99
99
99
99
99
99
99
99
99
99
99
99
99
99
99
99
99
99
99
99
99
99
99
99
99
98
98
98
98
98
98
98
98
98
98
98
98
98
98
98
98
98
98
98
98
98
98
98
98
98
98
98
98
98
98
98
98
98
98
98
98
98
97
97
97
97
97
97
97
97
97
97
97
97
97
97
97
97
97
97
97
97
97
97
97
97
97
97
97
97
97
97
97
97
97
97
97
97
97
97
97
97
97
97
97
97
97
97
97
97
96
96
96
96
96
96
96
96
96
96
96
96
96
96
96
96
96
96
96
96
96
96
96
96
96
96
96
96
96
96
96
96
96
96
95
95
95
95
95
95
95
95
95
95
95
95
95
95
95
95
95
95
95
95
95
95
95
95
95
95
95
95
95
95
95
95
95
95
95
95
95
95
95
95
95
95
95
94
94
94
94
94
94
94
94
94
94
94
94
94
94
94
94
94
94
94
94
94
94
94
94
94
94
94
94
94
94
94
94
94
94
94
94
94
94
94
94
94
94
94
94
94
94
94
94
94
94
93
93
93
93
93
93
93
93
93
93
93
93
93
93
93
93
93
93
93
93
93
93
93
93
93
93
93
93
93
93
92
92
92
92
92
92
92
92
92
92
92
92
92
92
92
92
92
92
92
92
92
92
92
92
92
92
92
92
92
92
92
92
92
92
92
92
92
92
92
92
92
92
92
92
92
92
92
92
92
92
92
92
92
91
91
91
91
91
91
91
91
91
91
91
91
91
91
91
91
91
91
91
91
91
91
91
91
91
91
91
91
91
91
91
91
91
91
91
91
91
91
91
91
91
91
91
91
91
91
91
91
91
91
91
91
91
90
90
90
90
90
90
90
90
90
90
90
90
90
90
90
90
90
90
90
90
90
90
90
90
90
90
90
90
90
90
90
90
90
90
90
90
90
90
90
90
90
90
90
90
90
90
89
89
89
89
89
89
89
89
89
89
89
89
89
89
89
89
89
89
89
89
89
89
89
89
89
89
89
89
89
89
89
89
89
89
89
89
89
89
89
89
89
89
89
89
89
89
89
89
89
89
89
89
89
89
88
88
88
88
88
88
88
88
88
88
88
88
88
88
88
88
88
88
88
88
88
88
88
88
88
88
88
88
88
88
88
88
88
88
88
88
88
88
88
88
88
88
88
88
87
87
87
87
87
87
87
87
87
87
87
87
87
87
87
87
87
87
87
87
87
87
87
87
87
87
87
87
87
87
87
87
87
87
87
87
87
87
87
87
86
86
86
86
86
86
86
86
86
86
86
86
86
86
86
86
86
86
86
86
86
86
86
86
86
86
86
86
86
86
86
86
86
86
86
86
86
86
86
86
86
86
86
86
85
85
85
85
85
85
85
85
85
85
85
85
85
85
85
85
85
85
85
85
85
85
85
85
85
85
85
85
85
85
85
85
85
85
85
85
85
85
85
85
85
85
85
85
85
85
85
84
84
84
84
84
84
84
84
84
84
84
84
84
84
84
84
84
84
84
84
84
84
84
84
84
84
84
84
84
84
84
84
84
84
84
84
84
84
84
84
84
84
84
84
83
83
83
83
83
83
83
83
83
83
83
83
83
83
83
83
83
83
83
83
83
83
83
83
83
83
83
83
83
83
83
83
83
83
83
83
83
83
83
83
83
83
83
83
83
83
83
82
82
82
82
82
82
82
82
82
82
82
82
82
82
82
82
82
82
82
82
82
82
82
82
82
82
82
82
82
82
82
82
82
82
82
82
82
82
82
82
82
82
81
81
81
81
81
81
81
81
81
81
81
81
81
81
81
81
81
81
81
81
81
81
81
81
81
81
81
81
81
81
81
81
81
81
81
81
81
81
81
81
81
81
81
81
81
80
80
80
80
80
80
80
80
80
80
80
80
80
80
80
80
80
80
80
80
80
80
80
80
80
80
80
80
80
80
80
80
80
80
80
80
80
80
80
80
80
80
80
80
80
80
80
80
80
80
80
80
80
80
80
80
80
80
80
80
80
80
80
80
80
80
80
80
80
80
80
79
79
79
79
79
79
79
79
79
79
79
79
79
79
79
79
79
79
79
79
79
79
79
79
79
79
79
79
79
79
79
79
79
79
79
79
79
79
79
79
79
79
79
79
79
79
79
79
79
79
79
79
79
79
79
79
79
78
78
78
78
78
78
78
78
78
78
78
78
78
78
78
78
78
78
78
78
78
78
78
78
78
78
78
78
78
78
78
78
78
78
78
78
78
78
78
78
78
78
78
78
78
78
78
78
78
78
78
78
78
78
78
78
78
78
78
78
78
78
77
77
77
77
77
77
77
77
77
77
77
77
77
77
77
77
77
77
77
77
77
77
77
77
77
77
77
77
77
77
77
77
77
77
77
77
77
77
77
77
77
77
77
77
77
77
77
77
77
77
77
76
76
76
76
76
76
76
76
76
76
76
76
76
76
76
76
76
76
76
76
76
76
76
76
76
76
76
76
76
76
76
76
76
76
76
76
76
76
76
76
76
76
76
76
76
76
76
76
76
76
76
76
75
75
75
75
75
75
75
75
75
75
75
75
75
75
75
75
75
75
75
75
75
75
75
75
75
75
75
75
75
75
75
75
75
75
75
75
75
75
75
75
75
75
75
75
75
75
75
75
75
75
75
75
75
75
74
74
74
74
74
74
74
74
74
74
74
74
74
74
74
74
74
74
74
74
74
74
74
74
74
74
74
74
74
74
74
74
74
74
74
74
74
74
74
74
74
74
74
74
74
74
74
74
74
74
74
74
74
74
74
74
73
73
73
73
73
73
73
73
73
73
73
73
73
73
73
73
73
73
73
73
73
73
73
73
73
73
73
73
73
73
73
73
73
73
73
73
73
73
73
73
73
73
73
73
73
73
73
73
72
72
72
72
72
72
72
72
72
72
72
72
72
72
72
72
72
72
72
72
72
72
72
72
72
72
72
72
72
72
72
72
72
72
72
72
72
72
72
72
72
72
72
72
72
72
72
72
72
72
72
72
72
72
72
72
71
71
71
71
71
71
71
71
71
71
71
71
71
71
71
71
71
71
71
71
71
71
71
71
71
71
71
71
71
71
71
71
71
71
71
71
71
71
71
71
71
71
71
71
71
71
71
71
71
71
71
71
71
71
71
70
70
70
70
70
70
70
70
70
70
70
70
70
70
70
70
70
70
70
70
70
70
70
70
70
70
70
70
70
70
70
70
70
70
70
70
70
70
70
70
70
70
70
70
70
70
70
70
70
70
70
70
70
70
70
70
70
69
69
69
69
69
69
69
69
69
69
69
69
69
69
69
69
69
69
69
69
69
69
69
69
69
69
69
69
69
69
69
69
69
69
69
69
69
69
69
69
69
69
69
69
69
69
69
69
69
69
69
69
69
69
69
69
69
69
69
69
69
69
69
69
69
69
69
69
68
68
68
68
68
68
68
68
68
68
68
68
68
68
68
68
68
68
68
68
68
68
68
68
68
68
68
68
68
68
68
68
68
68
68
68
68
68
68
68
68
68
68
68
68
68
67
67
67
67
67
67
67
67
67
67
67
67
67
67
67
67
67
67
67
67
67
67
67
67
67
67
67
67
67
67
67
67
67
67
67
67
67
67
67
67
67
67
67
67
67
67
67
67
67
67
67
67
67
67
67
67
67
67
67
67
67
67
66
66
66
66
66
66
66
66
66
66
66
66
66
66
66
66
66
66
66
66
66
66
66
66
66
66
66
66
66
66
66
66
66
66
66
66
66
66
66
66
66
66
66
66
66
66
66
66
66
66
66
66
66
66
66
66
66
66
66
66
66
66
66
66
66
66
66
66
65
65
65
65
65
65
65
65
65
65
65
65
65
65
65
65
65
65
65
65
65
65
65
65
65
65
65
65
65
65
65
65
65
65
65
65
65
65
65
65
65
65
65
65
65
65
65
65
65
65
65
65
65
65
65
65
64
64
64
64
64
64
64
64
64
64
64
64
64
64
64
64
64
64
64
64
64
64
64
64
64
64
64
64
64
64
64
64
64
64
64
64
64
64
64
64
64
64
64
64
64
64
64
64
64
64
64
64
64
64
64
64
64
64
64
64
64
64
64
64
64
64
64
64
64
64
63
63
63
63
63
63
63
63
63
63
63
63
63
63
63
63
63
63
63
63
63
63
63
63
63
63
63
63
63
63
63
63
63
63
63
63
63
63
63
63
63
63
63
63
63
63
63
63
63
63
63
63
63
63
63
63
63
63
63
63
63
63
63
63
63
63
62
62
62
62
62
62
62
62
62
62
62
62
62
62
62
62
62
62
62
62
62
62
62
62
62
62
62
62
62
62
62
62
62
62
62
62
62
62
62
62
62
62
62
62
62
62
62
62
62
61
61
61
61
61
61
61
61
61
61
61
61
61
61
61
61
61
61
61
61
61
61
61
61
61
61
61
61
61
61
61
61
61
61
61
61
61
61
61
61
61
61
61
61
61
61
61
61
61
61
61
61
61
61
61
61
61
61
61
61
61
61
61
61
61
61
60
60
60
60
60
60
60
60
60
60
60
60
60
60
60
60
60
60
60
60
60
60
60
60
60
60
60
60
60
60
60
60
60
60
60
60
60
60
60
60
60
60
60
60
60
60
60
60
60
60
60
60
60
60
60
60
60
60
60
60
60
60
60
60
59
59
59
59
59
59
59
59
59
59
59
59
59
59
59
59
59
59
59
59
59
59
59
59
59
59
59
59
59
59
59
59
59
59
59
59
59
59
59
59
59
59
59
59
59
59
59
59
59
59
59
59
59
59
59
59
59
59
59
59
59
59
59
59
59
59
59
58
58
58
58
58
58
58
58
58
58
58
58
58
58
58
58
58
58
58
58
58
58
58
58
58
58
58
58
58
58
58
58
58
58
58
58
58
58
58
58
58
58
58
58
58
58
58
58
58
58
58
58
58
58
58
58
58
58
58
58
58
58
58
57
57
57
57
57
57
57
57
57
57
57
57
57
57
57
57
57
57
57
57
57
57
57
57
57
57
57
57
57
57
57
57
57
57
57
57
57
57
57
57
57
57
57
57
57
57
57
57
57
57
57
57
57
57
57
57
57
57
57
57
57
57
57
57
57
57
57
57
57
57
57
57
56
56
56
56
56
56
56
56
56
56
56
56
56
56
56
56
56
56
56
56
56
56
56
56
56
56
56
56
56
56
56
56
56
56
56
56
56
56
56
56
56
56
56
56
56
56
56
56
56
56
56
56
56
56
56
56
56
56
55
55
55
55
55
55
55
55
55
55
55
55
55
55
55
55
55
55
55
55
55
55
55
55
55
55
55
55
55
55
55
55
55
55
55
55
55
55
55
55
55
55
55
55
55
55
55
55
55
55
55
55
55
55
55
55
55
55
55
55
55
55
55
55
55
55
55
55
55
54
54
54
54
54
54
54
54
54
54
54
54
54
54
54
54
54
54
54
54
54
54
54
54
54
54
54
54
54
54
54
54
54
54
54
54
54
54
54
54
54
54
54
54
54
54
54
54
54
54
54
54
54
54
54
54
54
54
54
54
54
54
54
53
53
53
53
53
53
53
53
53
53
53
53
53
53
53
53
53
53
53
53
53
53
53
53
53
53
53
53
53
53
53
53
53
53
53
53
53
53
53
53
53
53
53
53
53
53
53
53
53
53
53
53
53
53
53
53
53
53
53
53
53
53
53
53
53
53
53
53
53
53
53
53
53
53
53
52
52
52
52
52
52
52
52
52
52
52
52
52
52
52
52
52
52
52
52
52
52
52
52
52
52
52
52
52
52
52
52
52
52
52
52
52
52
52
52
52
52
52
52
52
52
52
52
52
52
52
52
52
52
52
52
52
52
52
52
52
52
52
52
52
51
51
51
51
51
51
51
51
51
51
51
51
51
51
51
51
51
51
51
51
51
51
51
51
51
51
51
51
51
51
51
51
51
51
51
51
51
51
51
51
51
51
51
51
51
51
51
51
51
51
51
51
51
51
51
51
51
51
51
51
51
51
51
51
51
51
51
51
51
51
51
51
51
51
51
51
51
51
51
51
50
50
50
50
50
50
50
50
50
50
50
50
50
50
50
50
50
50
50
50
50
50
50
50
50
50
50
50
50
50
50
50
50
50
50
50
50
50
50
50
50
50
50
50
50
50
50
50
50
50
50
50
50
50
50
49
49
49
49
49
49
49
49
49
49
49
49
49
49
49
49
49
49
49
49
49
49
49
49
49
49
49
49
49
49
49
49
49
49
49
49
49
49
49
49
49
49
49
49
49
49
49
49
49
49
49
49
49
49
49
49
49
49
49
49
49
49
49
49
49
49
49
49
49
49
49
49
49
49
49
49
49
49
49
49
49
49
48
48
48
48
48
48
48
48
48
48
48
48
48
48
48
48
48
48
48
48
48
48
48
48
48
48
48
48
48
48
48
48
48
48
48
48
48
48
48
48
48
48
48
48
48
48
48
48
48
48
48
48
48
48
48
48
48
48
48
48
48
48
48
48
48
48
48
48
48
48
48
48
47
47
47
47
47
47
47
47
47
47
47
47
47
47
47
47
47
47
47
47
47
47
47
47
47
47
47
47
47
47
47
47
47
47
47
47
47
47
47
47
47
47
47
47
47
47
47
47
47
47
47
47
47
47
47
47
47
47
47
47
47
47
47
47
47
47
47
47
47
47
47
47
47
47
47
47
47
47
47
47
47
47
47
47
47
47
47
46
46
46
46
46
46
46
46
46
46
46
46
46
46
46
46
46
46
46
46
46
46
46
46
46
46
46
46
46
46
46
46
46
46
46
46
46
46
46
46
46
46
46
46
46
46
46
46
46
46
46
46
46
46
46
46
46
46
46
46
46
46
46
46
46
46
46
46
46
46
46
46
46
46
46
46
46
46
46
46
46
46
46
46
46
45
45
45
45
45
45
45
45
45
45
45
45
45
45
45
45
45
45
45
45
45
45
45
45
45
45
45
45
45
45
45
45
45
45
45
45
45
45
45
45
45
45
45
45
45
45
45
45
45
45
45
45
45
45
45
45
45
45
45
45
45
45
45
45
45
45
45
44
44
44
44
44
44
44
44
44
44
44
44
44
44
44
44
44
44
44
44
44
44
44
44
44
44
44
44
44
44
44
44
44
44
44
44
44
44
44
44
44
44
44
44
44
44
44
44
44
44
44
44
44
44
44
44
44
44
44
44
44
44
44
44
44
44
44
44
44
44
44
44
44
44
43
43
43
43
43
43
43
43
43
43
43
43
43
43
43
43
43
43
43
43
43
43
43
43
43
43
43
43
43
43
43
43
43
43
43
43
43
43
43
43
43
43
43
43
43
43
43
43
43
43
43
43
43
43
43
43
43
43
43
43
43
43
43
43
42
42
42
42
42
42
42
42
42
42
42
42
42
42
42
42
42
42
42
42
42
42
42
42
42
42
42
42
42
42
42
42
42
42
42
42
42
42
42
42
42
42
42
42
42
42
42
42
42
42
42
42
42
42
42
42
42
42
42
42
42
42
42
42
42
42
42
42
42
42
42
42
42
42
42
42
42
42
42
42
42
42
42
42
42
42
41
41
41
41
41
41
41
41
41
41
41
41
41
41
41
41
41
41
41
41
41
41
41
41
41
41
41
41
41
41
41
41
41
41
41
41
41
41
41
41
41
41
41
41
41
41
41
41
41
41
41
41
41
41
41
41
41
41
41
41
41
41
41
41
40
40
40
40
40
40
40
40
40
40
40
40
40
40
40
40
40
40
40
40
40
40
40
40
40
40
40
40
40
40
40
40
40
40
40
40
40
40
40
40
40
40
40
40
40
40
40
40
40
40
40
40
40
40
40
40
40
40
40
40
40
40
40
40
40
39
39
39
39
39
39
39
39
39
39
39
39
39
39
39
39
39
39
39
39
39
39
39
39
39
39
39
39
39
39
39
39
39
39
39
39
39
39
39
39
39
39
39
39
39
39
39
39
39
39
39
39
39
39
39
39
39
39
39
39
39
39
39
39
39
39
39
39
39
39
39
39
39
39
39
39
39
39
39
39
39
39
39
38
38
38
38
38
38
38
38
38
38
38
38
38
38
38
38
38
38
38
38
38
38
38
38
38
38
38
38
38
38
38
38
38
38
38
38
38
38
38
38
38
38
38
38
38
38
38
38
38
38
38
38
38
38
38
38
38
38
38
38
38
38
38
37
37
37
37
37
37
37
37
37
37
37
37
37
37
37
37
37
37
37
37
37
37
37
37
37
37
37
37
37
37
37
37
37
37
37
37
37
37
37
37
37
37
37
37
37
37
37
37
37
37
37
37
37
37
37
37
37
37
37
37
37
37
37
37
37
37
37
37
37
37
37
37
37
37
37
37
37
37
37
37
37
37
37
36
36
36
36
36
36
36
36
36
36
36
36
36
36
36
36
36
36
36
36
36
36
36
36
36
36
36
36
36
36
36
36
36
36
36
36
36
36
36
36
36
36
36
36
36
36
36
36
36
36
36
36
36
36
36
36
36
36
36
36
36
36
36
36
36
36
36
36
36
36
36
36
36
36
36
36
36
36
36
36
36
36
36
36
36
35
35
35
35
35
35
35
35
35
35
35
35
35
35
35
35
35
35
35
35
35
35
35
35
35
35
35
35
35
35
35
35
35
35
35
35
35
35
35
35
35
35
35
35
35
35
35
35
35
35
35
35
35
35
35
35
35
35
35
35
35
35
35
35
35
35
35
35
35
35
35
35
35
35
35
35
35
35
35
35
35
35
35
35
35
35
35
35
35
35
35
35
34
34
34
34
34
34
34
34
34
34
34
34
34
34
34
34
34
34
34
34
34
34
34
34
34
34
34
34
34
34
34
34
34
34
34
34
34
34
34
34
34
34
34
34
34
34
34
34
34
34
34
34
34
34
34
34
34
34
34
34
34
34
34
34
34
34
34
34
34
34
34
34
34
34
33
33
33
33
33
33
33
33
33
33
33
33
33
33
33
33
33
33
33
33
33
33
33
33
33
33
33
33
33
33
33
33
33
33
33
33
33
33
33
33
33
33
33
33
33
33
33
33
33
33
33
33
33
33
33
33
33
33
33
33
33
33
33
33
33
33
33
33
33
33
33
33
33
33
33
33
33
33
33
33
33
33
33
33
33
33
33
33
33
33
33
33
33
33
33
33
33
33
33
33
33
32
32
32
32
32
32
32
32
32
32
32
32
32
32
32
32
32
32
32
32
32
32
32
32
32
32
32
32
32
32
32
32
32
32
32
32
32
32
32
32
32
32
32
32
32
32
32
32
32
32
32
32
32
32
32
32
32
32
32
32
32
32
32
32
32
32
32
32
32
32
32
32
32
32
32
32
32
32
32
32
32
31
31
31
31
31
31
31
31
31
31
31
31
31
31
31
31
31
31
31
31
31
31
31
31
31
31
31
31
31
31
31
31
31
31
31
31
31
31
31
31
31
31
31
31
31
31
31
31
31
31
31
31
31
31
31
31
31
31
31
31
31
31
31
31
31
31
31
31
31
31
31
31
31
31
31
31
31
31
31
31
31
31
31
31
31
31
31
31
31
31
31
31
31
31
31
31
31
31
31
31
31
31
31
31
31
31
31
31
31
31
31
31
31
30
30
30
30
30
30
30
30
30
30
30
30
30
30
30
30
30
30
30
30
30
30
30
30
30
30
30
30
30
30
30
30
30
30
30
30
30
30
30
30
30
30
30
30
30
30
30
30
30
30
30
30
30
30
30
30
30
30
30
30
30
30
30
30
30
30
30
30
30
30
30
30
30
30
30
30
30
30
30
30
30
30
30
30
30
30
30
30
30
30
30
30
30
30
30
30
30
30
30
30
30
30
30
29
29
29
29
29
29
29
29
29
29
29
29
29
29
29
29
29
29
29
29
29
29
29
29
29
29
29
29
29
29
29
29
29
29
29
29
29
29
29
29
29
29
29
29
29
29
29
29
29
29
29
29
29
29
29
29
29
29
29
29
29
29
29
29
29
29
29
29
29
29
29
29
29
29
29
29
29
29
29
29
29
29
29
29
29
29
29
29
29
29
29
29
29
29
29
29
29
29
28
28
28
28
28
28
28
28
28
28
28
28
28
28
28
28
28
28
28
28
28
28
28
28
28
28
28
28
28
28
28
28
28
28
28
28
28
28
28
28
28
28
28
28
28
28
28
28
28
28
28
28
28
28
28
28
28
28
28
28
28
28
28
28
28
28
28
28
28
28
28
28
28
28
28
28
28
28
28
28
28
28
28
28
28
28
28
28
28
28
27
27
27
27
27
27
27
27
27
27
27
27
27
27
27
27
27
27
27
27
27
27
27
27
27
27
27
27
27
27
27
27
27
27
27
27
27
27
27
27
27
27
27
27
27
27
27
27
27
27
27
27
27
27
27
27
27
27
27
27
27
27
27
27
27
27
27
27
27
27
27
27
27
27
27
27
27
27
27
27
27
27
27
27
27
27
27
27
26
26
26
26
26
26
26
26
26
26
26
26
26
26
26
26
26
26
26
26
26
26
26
26
26
26
26
26
26
26
26
26
26
26
26
26
26
26
26
26
26
26
26
26
26
26
26
26
26
26
26
26
26
26
26
26
26
26
26
26
26
26
26
26
26
26
26
26
26
26
26
26
26
26
26
26
26
26
26
26
26
26
26
26
26
26
26
26
26
26
26
26
26
26
26
26
26
26
26
26
26
26
26
26
26
26
26
26
26
26
26
26
26
26
26
26
26
26
26
26
25
25
25
25
25
25
25
25
25
25
25
25
25
25
25
25
25
25
25
25
25
25
25
25
25
25
25
25
25
25
25
25
25
25
25
25
25
25
25
25
25
25
25
25
25
25
25
25
25
25
25
25
25
25
25
25
25
25
25
25
25
25
25
25
25
25
25
25
25
25
25
25
25
25
25
25
25
25
25
25
25
25
25
25
25
25
25
25
25
25
25
25
25
25
25
25
24
24
24
24
24
24
24
24
24
24
24
24
24
24
24
24
24
24
24
24
24
24
24
24
24
24
24
24
24
24
24
24
24
24
24
24
24
24
24
24
24
24
24
24
24
24
24
24
24
24
24
24
24
24
24
24
24
24
24
24
24
24
24
24
24
24
24
24
24
24
24
24
24
24
24
24
24
24
24
24
24
24
24
24
24
24
24
24
24
24
24
24
24
24
24
24
24
24
24
24
24
24
24
24
24
24
24
24
24
24
24
24
24
24
24
24
24
24
24
24
24
24
24
24
24
23
23
23
23
23
23
23
23
23
23
23
23
23
23
23
23
23
23
23
23
23
23
23
23
23
23
23
23
23
23
23
23
23
23
23
23
23
23
23
23
23
23
23
23
23
23
23
23
23
23
23
23
23
23
23
23
23
23
23
23
23
23
23
23
23
23
23
23
23
23
23
23
23
23
23
23
23
23
23
23
23
23
23
23
23
23
23
23
23
23
23
23
23
23
23
23
23
23
23
23
23
23
23
23
23
23
23
23
23
23
22
22
22
22
22
22
22
22
22
22
22
22
22
22
22
22
22
22
22
22
22
22
22
22
22
22
22
22
22
22
22
22
22
22
22
22
22
22
22
22
22
22
22
22
22
22
22
22
22
22
22
22
22
22
22
22
22
22
22
22
22
22
22
22
22
22
22
22
22
22
22
22
22
22
22
22
22
22
22
22
22
22
22
22
22
22
22
22
21
21
21
21
21
21
21
21
21
21
21
21
21
21
21
21
21
21
21
21
21
21
21
21
21
21
21
21
21
21
21
21
21
21
21
21
21
21
21
21
21
21
21
21
21
21
21
21
21
21
21
21
21
21
21
21
21
21
21
21
21
21
21
21
21
21
21
21
21
21
21
21
21
21
21
21
20
20
20
20
20
20
20
20
20
20
20
20
20
20
20
20
20
20
20
20
20
20
20
20
20
20
20
20
20
20
20
20
20
20
20
20
20
20
20
20
20
20
20
20
20
20
20
20
20
20
20
20
20
20
20
20
20
20
20
20
20
20
20
20
20
20
20
20
20
20
20
20
20
20
20
20
20
20
20
20
20
20
20
20
20
20
20
20
20
20
20
19
19
19
19
19
19
19
19
19
19
19
19
19
19
19
19
19
19
19
19
19
19
19
19
19
19
19
19
19
19
19
19
19
19
19
19
19
19
19
19
19
19
19
19
19
19
19
19
19
19
19
19
19
19
19
19
19
19
19
19
19
19
19
19
19
19
19
19
19
19
19
19
19
19
19
19
19
19
19
18
18
18
18
18
18
18
18
18
18
18
18
18
18
18
18
18
18
18
18
18
18
18
18
18
18
18
18
18
18
18
18
18
18
18
18
18
18
18
18
18
18
18
18
18
18
18
18
18
18
18
18
18
18
18
18
18
18
18
18
18
18
18
18
18
18
18
18
18
18
18
18
18
18
17
17
17
17
17
17
17
17
17
17
17
17
17
17
17
17
17
17
17
17
17
17
17
17
17
17
17
17
17
17
17
17
17
17
17
17
17
17
17
17
17
17
17
17
17
17
17
17
17
17
17
17
17
17
17
17
17
17
17
17
17
17
17
17
17
17
17
17
17
17
17
17
17
17
17
17
17
17
17
17
16
16
16
16
16
16
16
16
16
16
16
16
16
16
16
16
16
16
16
16
16
16
16
16
16
16
16
16
16
16
16
16
16
16
16
16
16
16
16
16
16
16
16
16
16
16
16
16
16
16
16
16
16
16
16
16
16
16
16
16
16
16
16
16
16
16
15
15
15
15
15
15
15
15
15
15
15
15
15
15
15
15
15
15
15
15
15
15
15
15
15
15
15
15
15
15
15
15
15
15
15
15
15
15
15
15
15
15
15
15
15
14
14
14
14
14
14
14
14
14
14
14
14
14
14
14
14
14
14
14
14
14
14
14
14
14
14
14
14
14
14
14
14
14
14
14
14
14
14
14
14
14
14
14
14
13
13
13
13
13
13
13
13
13
13
13
13
13
13
13
13
13
13
13
13
13
13
13
13
13
13
13
13
13
13
13
13
13
12
12
12
12
12
12
12
12
12
12
12
12
12
12
12
12
12
12
12
12
12
12
12
12
12
12
12
12
12
12
12
12
11
11
11
11
11
11
11
11
11
11
11
11
11
11
11
11
11
11
11
11
10
10
10
10
10
10
10
10
10
10
10
10
10
10
10
10
10
10
10
10
10
10
10
10
10
10
10
9
9
9
9
9
9
9
9
9
9
9
8
8
8
8
8
8
8
8
8
8
8
8
8
8
8
8
7
7
7
7
7
7
6
6
6
6
6
6
6
6
5
5
5
4
4
4
3
3
3
2
1
1
1
1
1